0 0 285.49
0 1 205.25
0 2 634.0
0 3 243.25
0 4 607.89
0 5 874.8
0 6 138.8
0 8 572.35
0 12 764.4
0 13 978.95
0 16 2.81
0 20 149.89
0 21 672.88
0 22 372.66
0 23 650.96
0 24 468.92
0 25 395.74
0 26 964.56
0 27 712.76
0 28 852.86
0 29 379.76
0 30 279.91
0 31 770.05
0 32 621.48
0 33 16.36
0 34 438.6
0 35 450.85
0 36 553.44
0 37 786.98
0 38 444.19
0 41 302.36
0 42 919.62
0 43 766.37
0 44 173.03
0 45 102.89
0 47 642.03
0 48 203.33
0 49 355.32
0 50 11.49
0 51 821.64
0 52 835.35
0 53 993.6
0 54 576.01
0 57 859.13
0 58 669.62
0 60 157.06
0 61 209.71
0 62 220.54
0 63 421.01
0 64 405.58
0 66 568.96
0 68 125.92
0 69 99.9
0 70 490.04
0 72 108.02
0 73 568.34
0 75 449.56
0 76 528.07
0 77 649.28
0 79 433.17
0 80 20.82
0 81 93.53
0 82 435.2
0 83 602.82
0 86 985.37
0 87 626.18
0 88 316.02
0 89 248.07
1 0 170.51
1 1 791.78
1 2 518.87
1 3 414.61
1 4 572.44
1 5 39.54
1 7 798.94
1 8 935.54
1 9 447.27
1 10 358.21
1 11 472.32
1 12 546.49
1 13 596.75
1 14 374.31
1 15 571.3
1 18 979.21
1 19 23.73
1 20 88.31
1 21 934.44
1 23 315.84
1 25 666.66
1 26 372.97
1 27 328.99
1 28 846.51
1 30 100.59
1 32 157.04
1 33 89.86
1 34 79.41
1 35 520.58
1 37 368.85
1 38 317.01
1 39 710.6
1 40 457.63
1 41 488.3
1 42 219.33
1 43 878.39
1 44 716.41
1 46 143.09
1 47 104.9
1 48 948.51
1 49 460.4
1 50 91.43
1 51 125.8
1 52 458.75
1 53 259.59
1 54 205.35
1 55 895.17
1 56 54.06
1 57 631.01
1 58 131.76
1 59 298.36
1 60 320.59
1 62 961.4
1 64 714.58
1 65 941.1
1 69 737.63
1 70 820.14
1 71 505.79
1 72 376.64
1 73 193.43
1 74 671.3
1 75 93.29
1 76 345.39
1 77 786.21
1 78 413.53
1 79 205.94
1 80 740.06
1 81 131.33
1 82 269.49
1 83 394.57
1 84 727.06
1 85 410.96
1 86 612.1
1 87 436.66
1 88 373.15
1 89 630.55
2 0 380.97
2 2 934.1
2 4 990.97
2 5 684.45
2 6 251.61
2 7 855.14
2 8 709.01
2 9 238.66
2 11 897.09
2 12 452.9
2 13 985.8
2 18 27.88
2 21 544.5
2 22 941.55
2 23 933.42
2 24 481.83
2 25 246.05
2 26 912.18
2 27 17.45
2 28 396.91
2 29 47.81
2 30 107.42
2 32 592.3
2 33 498.27
2 35 965.16
2 36 30.82
2 37 734.79
2 38 225.67
2 39 173.09
2 40 715.16
2 42 650.69
2 43 338.05
2 44 527.46
2 45 96.51
2 47 748.49
2 48 426.68
2 49 913.87
2 51 352.44
2 52 345.55
2 53 291.61
2 54 540.26
2 55 676.49
2 56 756.72
2 57 710.41
2 58 889.93
2 59 36.8
2 60 144.61
2 62 693.56
2 63 811.92
2 64 953.67
2 66 442.23
2 67 509.34
2 68 453.28
2 69 479.4
2 70 939.15
2 71 993.79
2 72 631.45
2 73 717.07
2 75 419.91
2 77 655.72
2 78 892.1
2 79 786.59
2 80 91.75
2 82 205.33
2 83 70.43
2 85 130.66
2 86 956.09
2 88 248.35
2 89 59.3
3 2 571.61
3 4 599.85
3 5 821.83
3 6 40.44
3 7 192.86
3 10 16.21
3 11 166.79
3 12 452.37
3 13 669.72
3 14 58.47
3 15 70.73
3 16 3.96
3 17 449.43
3 18 274.74
3 19 268.26
3 20 487.07
3 21 929.34
3 23 208.12
3 25 616.64
3 26 969.23
3 29 33.88
3 30 281.78
3 31 936.61
3 32 114.71
3 33 302.43
3 34 851.01
3 35 133.04
3 36 539.17
3 37 673.19
3 38 724.44
3 39 318.28
3 41 875.45
3 42 710.37
3 43 48.49
3 44 590.81
3 46 184.01
3 47 270.28
3 48 869.77
3 49 843.24
3 50 334.31
3 51 205.55
3 52 631.46
3 53 716.6
3 54 274.96
3 55 592.85
3 56 564.67
3 58 162.34
3 59 559.19
3 61 235.1
3 62 732.08
3 63 384.26
3 64 268.27
3 65 464.93
3 66 782.09
3 67 212.7
3 68 526.59
3 69 800.8
3 70 632.98
3 71 161.81
3 72 935.26
3 73 417.57
3 74 137.77
3 75 653.32
3 76 995.13
3 77 780.61
3 78 147.57
3 79 378.25
3 80 133.58
3 81 87.75
3 82 988.24
3 84 570.43
3 85 789.96
3 86 998.34
3 87 24.85
3 88 732.52
3 89 975.3
4 0 687.31
4 3 898.76
4 4 830.32
4 5 115.25
4 6 950.91
4 7 965.76
4 9 131.45
4 10 520.62
4 11 401.61
4 12 667.74
4 13 343.86
4 14 242.05
4 15 603.89
4 16 854.61
4 17 885.36
4 18 934.47
4 19 624.25
4 20 321.31
4 22 810.68
4 23 979.55
4 26 264.11
4 27 562.19
4 29 509.27
4 30 753.86
4 31 404.01
4 32 718.41
4 33 172.94
4 35 262.63
4 36 547.25
4 37 920.92
4 39 497.38
4 40 214.15
4 41 108.02
4 42 281.3
4 43 413.23
4 44 920.22
4 45 517.98
4 46 245.29
4 47 443.53
4 48 868.48
4 49 532.17
4 51 703.01
4 52 79.05
4 53 236.53
4 54 54.98
4 55 493.26
4 56 178.75
4 57 253.5
4 58 191.2
4 59 863.43
4 60 558.03
4 61 698.69
4 62 882.23
4 64 809.32
4 66 68.81
4 67 310.46
4 69 723.01
4 70 153.68
4 71 292.8
4 72 620.94
4 73 102.07
4 74 806.39
4 76 68.66
4 77 3.48
4 78 355.62
4 79 229.05
4 80 334.48
4 81 211.88
4 83 533.2
4 85 822.2
4 86 796.29
4 87 364.27
4 88 921.93
4 89 353.09
5 1 816.88
5 2 799.93
5 3 815.26
5 4 236.98
5 5 600.79
5 8 63.64
5 10 875.41
5 11 297.9
5 12 518.13
5 13 684.64
5 15 341.54
5 16 569.87
5 17 779.33
5 18 429.79
5 19 231.78
5 20 751.76
5 21 106.66
5 22 524.88
5 23 458.6
5 24 167.54
5 26 491.89
5 27 357.14
5 28 587.41
5 30 478.23
5 31 703.23
5 32 871.1
5 33 115.23
5 34 136.19
5 35 784.85
5 36 765.79
5 37 535.07
5 38 141.25
5 39 920.46
5 40 113.39
5 41 954.73
5 42 223.32
5 43 125.8
5 44 692.29
5 45 9.72
5 46 749.91
5 48 180.81
5 49 656.03
5 50 725.58
5 51 952.83
5 52 835.08
5 54 926.84
5 55 364.15
5 56 259.34
5 57 984.23
5 58 498.16
5 60 617.25
5 61 997.89
5 62 210.67
5 63 492.2
5 65 25.83
5 66 208.74
5 67 166.44
5 68 352.51
5 69 477.59
5 76 550.73
5 79 33.78
5 80 475.88
5 83 643.15
5 84 431.02
5 85 297.38
5 86 797.76
5 87 319.17
5 89 136.59
6 0 754.72
6 1 454.38
6 2 96.26
6 3 874.56
6 5 878.76
6 6 599.38
6 7 361.49
6 8 138.13
6 9 386.82
6 10 99.85
6 12 264.18
6 13 668.1
6 14 704.45
6 15 119.3
6 16 834.87
6 17 914.58
6 18 468.98
6 20 636.52
6 21 69.14
6 22 409.17
6 23 872.31
6 24 759.83
6 25 734.79
6 26 298.81
6 28 459.36
6 29 650.62
6 31 693.76
6 32 250.72
6 33 212.67
6 34 814.29
6 36 311.62
6 38 894.49
6 41 463.81
6 42 585.39
6 44 536.02
6 46 408.65
6 47 954.17
6 48 248.48
6 50 268.12
6 51 318.77
6 53 912.79
6 54 512.04
6 56 240.79
6 57 767.59
6 58 522.08
6 60 885.4
6 61 513.54
6 62 890.34
6 63 461.8
6 64 200.44
6 65 640.13
6 66 848.15
6 67 305.48
6 68 610.85
6 70 691.95
6 76 730.96
6 77 754.73
6 78 770.53
6 79 201.82
6 80 607.08
6 81 414.96
6 82 535.82
6 83 491.83
6 84 273.89
6 86 514.75
6 88 937.3
6 89 575.98
7 0 321.82
7 1 306.8
7 3 466.8
7 4 581.27
7 5 932.45
7 6 574.34
7 7 626.37
7 8 288.09
7 9 332.88
7 10 257.48
7 11 432.84
7 13 342.14
7 14 891.02
7 16 866.03
7 17 973.04
7 18 878.17
7 19 1.96
7 20 831.16
7 22 863.0
7 23 772.24
7 24 543.78
7 25 201.25
7 26 316.57
7 28 706.66
7 29 92.24
7 30 676.73
7 31 285.63
7 32 600.59
7 33 97.36
7 34 562.07
7 35 917.93
7 36 576.82
7 39 197.31
7 41 364.69
7 42 634.7
7 43 181.1
7 44 721.58
7 48 274.1
7 49 415.17
7 50 843.09
7 52 849.6
7 53 555.74
7 54 673.78
7 55 48.4
7 56 271.95
7 57 902.3
7 58 478.66
7 59 200.42
7 60 280.52
7 63 505.64
7 64 132.66
7 66 541.51
7 68 71.13
7 69 257.51
7 70 204.82
7 72 933.66
7 73 668.33
7 74 491.05
7 75 373.11
7 76 951.65
7 78 181.41
7 80 584.16
7 82 526.03
7 83 850.79
7 84 12.14
7 85 570.08
7 86 701.14
7 87 946.73
7 88 575.0
7 89 426.54
8 0 256.92
8 1 859.88
8 2 910.14
8 3 66.19
8 4 504.82
8 8 813.01
8 9 982.81
8 11 641.58
8 12 99.68
8 13 770.85
8 14 846.91
8 15 369.65
8 17 957.73
8 18 496.66
8 20 999.83
8 23 699.47
8 25 400.67
8 26 145.59
8 27 455.08
8 28 386.51
8 31 881.76
8 32 406.77
8 33 235.49
8 34 869.38
8 35 54.79
8 36 371.54
8 37 382.3
8 38 816.09
8 39 555.34
8 40 192.46
8 41 608.45
8 42 563.98
8 43 409.08
8 44 278.4
8 46 910.43
8 48 781.09
8 49 477.56
8 50 712.78
8 51 287.24
8 52 157.67
8 54 567.52
8 55 328.47
8 56 596.23
8 57 616.53
8 58 255.31
8 59 493.43
8 60 404.24
8 61 187.44
8 62 328.95
8 63 790.07
8 68 399.2
8 69 598.11
8 70 22.1
8 71 696.18
8 73 277.33
8 74 357.22
8 75 148.92
8 76 751.89
8 77 860.78
8 78 232.02
8 79 117.44
8 80 865.74
8 83 639.35
8 85 954.12
8 86 836.42
8 87 613.09
8 89 755.16
9 0 112.29
9 1 107.77
9 2 154.91
9 3 218.87
9 4 412.59
9 6 812.45
9 8 967.88
9 9 620.51
9 11 22.34
9 13 899.37
9 14 541.7
9 15 410.85
9 16 780.71
9 17 90.57
9 18 960.62
9 19 156.53
9 20 253.46
9 21 57.34
9 22 409.68
9 24 51.03
9 25 966.93
9 26 641.71
9 27 617.03
9 28 906.32
9 29 778.83
9 30 278.15
9 31 492.51
9 32 13.53
9 33 51.31
9 34 820.7
9 35 325.73
9 36 384.64
9 37 40.06
9 38 508.28
9 40 348.6
9 41 923.09
9 42 30.88
9 43 304.4
9 45 695.38
9 46 399.74
9 47 365.3
9 48 931.35
9 49 723.38
9 50 926.08
9 51 14.6
9 52 65.17
9 55 255.35
9 56 641.44
9 57 987.69
9 58 913.06
9 59 273.63
9 60 278.22
9 61 15.94
9 62 299.71
9 63 545.47
9 64 931.66
9 65 972.84
9 66 257.64
9 67 34.49
9 68 149.44
9 69 199.78
9 70 56.91
9 71 314.82
9 72 939.62
9 73 353.46
9 74 634.25
9 76 572.06
9 77 629.28
9 78 171.78
9 79 679.18
9 81 962.49
9 82 622.23
9 84 502.02
9 85 380.83
9 87 541.93
9 88 572.67
9 89 788.92
10 0 49.28
10 1 712.6
10 4 975.98
10 5 848.24
10 6 372.46
10 7 897.85
10 8 317.32
10 9 635.31
10 13 933.65
10 14 662.85
10 15 731.78
10 16 347.66
10 17 685.55
10 18 971.69
10 19 874.9
10 20 107.47
10 23 474.7
10 24 621.83
10 25 947.92
10 26 903.89
10 27 194.67
10 29 899.0
10 30 522.79
10 31 461.05
10 33 584.31
10 34 436.43
10 35 626.93
10 36 490.48
10 37 745.36
10 38 912.37
10 39 532.52
10 41 734.23
10 42 671.75
10 44 97.76
10 45 27.13
10 46 848.1
10 47 450.28
10 48 815.09
10 49 448.39
10 50 370.76
10 51 888.22
10 52 478.5
10 54 853.86
10 55 94.72
10 56 517.99
10 57 696.97
10 59 684.91
10 60 282.28
10 61 943.22
10 62 532.77
10 63 781.97
10 64 563.63
10 65 822.89
10 66 667.8
10 67 806.17
10 68 883.04
10 69 720.55
10 70 257.11
10 73 264.49
10 74 359.72
10 75 879.71
10 77 938.44
10 78 370.65
10 80 198.2
10 81 784.99
10 82 980.98
10 83 970.68
10 84 328.06
10 85 994.83
10 87 431.79
10 88 422.29
11 0 242.29
11 1 911.26
11 2 240.72
11 3 763.47
11 4 230.66
11 5 108.35
11 6 50.88
11 7 659.86
11 8 818.86
11 9 48.88
11 10 955.38
11 11 969.68
11 13 733.9
11 14 800.42
11 15 457.33
11 16 907.15
11 17 798.51
11 18 145.41
11 21 745.74
11 22 419.23
11 23 886.34
11 24 300.56
11 25 482.71
11 26 654.83
11 29 798.52
11 30 411.3
11 31 952.15
11 32 638.95
11 33 149.16
11 34 694.96
11 36 242.19
11 38 324.72
11 40 295.11
11 41 503.31
11 42 207.04
11 43 480.63
11 44 189.77
11 45 575.92
11 46 835.43
11 47 780.79
11 49 654.68
11 51 195.84
11 52 478.39
11 53 758.6
11 56 898.09
11 57 119.56
11 58 158.71
11 59 858.89
11 60 786.07
11 61 257.48
11 64 34.79
11 65 779.09
11 66 11.96
11 67 675.53
11 69 298.71
11 70 331.9
11 71 716.0
11 72 395.85
11 73 287.23
11 74 733.45
11 75 992.02
11 76 551.48
11 77 805.52
11 79 366.65
11 80 105.62
11 81 418.3
11 82 448.86
11 83 882.49
11 85 444.26
11 86 470.46
11 87 571.69
11 88 869.34
12 0 643.06
12 1 756.71
12 3 476.74
12 4 958.34
12 5 299.39
12 7 868.78
12 9 139.61
12 10 919.46
12 11 588.22
12 12 644.24
12 14 675.21
12 15 570.52
12 16 537.21
12 19 989.06
12 20 64.23
12 21 400.66
12 22 987.1
12 23 670.5
12 25 109.89
12 26 363.72
12 27 497.51
12 28 744.73
12 29 765.23
12 30 387.69
12 31 302.22
12 32 439.57
12 33 400.36
12 34 481.84
12 35 478.93
12 36 277.61
12 37 67.39
12 38 129.44
12 41 221.67
12 42 612.05
12 43 679.52
12 44 79.21
12 45 216.88
12 46 995.22
12 47 563.33
12 48 86.77
12 49 841.23
12 51 904.07
12 53 507.23
12 54 428.65
12 55 953.97
12 56 356.96
12 57 459.83
12 59 303.58
12 60 470.99
12 62 929.35
12 63 688.76
12 64 167.24
12 65 278.89
12 68 591.94
12 70 412.88
12 72 838.5
12 73 272.58
12 75 635.51
12 76 454.75
12 77 29.97
12 78 407.19
12 79 626.58
12 80 852.39
12 81 626.34
12 82 409.3
12 83 950.69
12 85 318.71
12 88 150.94
12 89 196.1
13 0 524.56
13 1 113.13
13 2 55.34
13 3 7.53
13 4 944.84
13 6 917.95
13 7 541.84
13 9 881.12
13 10 95.14
13 11 972.05
13 13 62.54
13 14 426.42
13 15 728.95
13 16 256.72
13 17 59.37
13 18 278.3
13 19 620.74
13 20 153.74
13 21 340.56
13 22 823.83
13 23 106.4
13 24 489.55
13 25 621.19
13 26 990.03
13 28 263.26
13 29 408.56
13 30 277.72
13 31 407.47
13 33 909.21
13 36 340.02
13 37 943.54
13 38 916.24
13 39 366.21
13 40 338.24
13 41 60.98
13 43 841.39
13 44 982.03
13 45 639.58
13 46 519.13
13 47 296.17
13 48 612.77
13 49 968.56
13 50 437.72
13 51 977.61
13 52 455.06
13 53 149.09
13 55 198.18
13 56 170.39
13 57 349.76
13 59 904.18
13 60 833.3
13 61 548.51
13 62 120.13
13 63 393.03
13 65 540.62
13 66 39.18
13 67 729.32
13 69 843.63
13 70 127.35
13 71 318.92
13 72 509.16
13 73 118.23
13 74 16.53
13 75 434.25
13 76 185.68
13 77 936.66
13 79 121.44
13 80 847.8
13 81 628.03
13 84 486.27
13 85 343.94
13 86 766.84
13 87 832.34
13 88 120.79
13 89 4.21
14 1 42.86
14 2 469.46
14 3 312.65
14 4 25.14
14 5 703.39
14 6 785.86
14 8 634.06
14 9 946.26
14 10 898.6
14 11 407.23
14 14 574.92
14 15 660.94
14 16 419.95
14 17 840.93
14 18 769.18
14 19 869.79
14 20 430.67
14 21 392.94
14 22 118.96
14 23 654.13
14 24 224.57
14 28 697.15
14 29 307.37
14 30 745.53
14 32 458.95
14 33 343.96
14 34 585.66
14 35 961.53
14 36 291.8
14 37 468.29
14 38 308.54
14 39 852.59
14 40 294.32
14 42 778.27
14 43 897.13
14 44 847.97
14 47 652.12
14 48 234.22
14 49 7.49
14 50 277.33
14 51 956.32
14 52 356.37
14 54 295.92
14 55 188.87
14 56 343.13
14 57 490.15
14 58 886.62
14 60 379.44
14 61 422.57
14 62 468.35
14 63 531.5
14 64 276.6
14 67 936.36
14 68 144.67
14 70 855.22
14 73 749.31
14 74 592.58
14 75 249.65
14 76 13.48
14 77 655.2
14 78 688.3
14 79 679.61
14 80 649.42
14 81 760.47
14 82 390.94
14 83 787.92
14 84 365.23
14 85 81.72
14 86 143.99
14 87 752.44
14 89 716.64
15 0 535.73
15 1 65.12
15 2 404.75
15 4 860.13
15 5 834.02
15 6 121.05
15 7 496.86
15 8 851.21
15 9 271.24
15 10 668.59
15 11 558.82
15 12 112.02
15 13 544.47
15 14 888.29
15 15 770.56
15 16 107.24
15 18 413.77
15 19 568.08
15 20 340.13
15 21 383.48
15 22 926.28
15 23 130.16
15 24 634.91
15 25 61.77
15 26 753.34
15 27 533.83
15 28 931.5
15 30 322.47
15 31 944.53
15 34 200.19
15 35 764.35
15 36 839.13
15 37 866.19
15 39 840.56
15 40 9.77
15 41 803.37
15 42 87.34
15 43 382.7
15 44 741.77
15 45 714.73
15 46 458.5
15 47 8.32
15 48 306.38
15 49 938.12
15 52 589.54
15 53 864.79
15 57 6.84
15 59 926.94
15 60 255.94
15 61 461.88
15 62 565.26
15 63 153.54
15 64 675.02
15 65 327.47
15 66 934.52
15 67 784.04
15 68 204.12
15 69 605.87
15 70 929.43
15 71 441.03
15 72 493.41
15 74 473.79
15 77 207.42
15 83 527.57
15 84 858.93
15 85 274.18
15 87 173.16
15 88 45.29
15 89 688.5
16 0 379.57
16 1 636.08
16 2 848.68
16 3 453.44
16 4 798.36
16 5 173.51
16 6 700.58
16 7 137.95
16 8 414.21
16 10 761.0
16 11 515.17
16 12 758.5
16 14 570.43
16 15 668.44
16 16 291.69
16 18 53.26
16 19 4.11
16 22 850.76
16 23 770.79
16 24 495.71
16 25 99.91
16 26 613.15
16 27 499.2
16 28 321.85
16 29 43.93
16 30 254.08
16 31 529.71
16 32 386.07
16 33 809.62
16 35 680.8
16 36 414.17
16 37 963.19
16 39 962.96
16 40 335.45
16 41 679.46
16 44 99.82
16 45 584.81
16 46 654.5
16 47 726.02
16 48 53.31
16 49 110.6
16 50 876.85
16 51 325.17
16 53 160.51
16 56 8.17
16 57 62.94
16 60 575.77
16 61 572.79
16 62 402.6
16 63 640.47
16 65 202.98
16 66 909.87
16 68 964.48
16 69 130.51
16 70 769.92
16 71 885.98
16 73 941.76
16 74 939.78
16 75 667.76
16 76 855.15
16 77 317.68
16 78 192.89
16 79 550.33
16 81 656.99
16 82 434.04
16 83 778.92
16 85 56.18
16 86 688.5
16 87 541.19
16 88 252.07
17 0 314.68
17 1 624.91
17 4 11.19
17 5 456.78
17 7 101.51
17 8 63.32
17 9 621.98
17 10 283.89
17 11 212.99
17 12 426.34
17 13 444.7
17 14 511.43
17 15 635.58
17 16 334.96
17 18 11.2
17 19 624.38
17 20 923.59
17 21 950.45
17 22 947.48
17 23 242.63
17 24 265.35
17 25 63.6
17 26 638.19
17 27 898.97
17 29 186.77
17 30 414.32
17 32 238.57
17 35 447.33
17 36 208.14
17 38 165.61
17 39 966.33
17 41 63.62
17 42 741.88
17 43 263.72
17 44 475.73
17 45 941.87
17 46 977.17
17 47 953.13
17 48 593.75
17 49 243.25
17 50 653.86
17 51 189.13
17 52 916.86
17 55 459.41
17 56 525.81
17 57 441.72
17 58 999.09
17 59 537.8
17 60 555.35
17 61 477.49
17 62 806.46
17 63 36.14
17 64 57.86
17 65 853.91
17 66 50.64
17 67 474.95
17 69 462.07
17 70 374.63
17 72 90.09
17 73 997.94
17 74 846.64
17 75 32.61
17 76 62.08
17 77 264.64
17 78 185.58
17 79 172.89
17 80 405.46
17 81 586.98
17 82 424.54
17 83 233.03
17 84 728.78
17 85 19.63
17 86 526.93
17 87 883.59
17 89 327.1
18 0 458.66
18 1 484.92
18 2 156.24
18 4 562.54
18 5 762.59
18 6 317.36
18 8 483.17
18 9 244.33
18 13 118.39
18 15 263.18
18 16 861.37
18 17 21.12
18 18 760.57
18 19 765.37
18 20 250.61
18 22 831.32
18 23 447.67
18 25 968.5
18 26 324.61
18 28 255.2
18 29 922.23
18 30 503.27
18 32 260.15
18 33 680.74
18 34 167.89
18 35 752.62
18 36 941.62
18 37 283.71
18 38 132.39
18 39 818.15
18 40 395.65
18 41 227.27
18 42 644.54
18 43 950.17
18 44 486.96
18 45 195.64
18 46 499.81
18 47 222.33
18 48 602.77
18 50 645.58
18 51 383.89
18 52 728.94
18 53 491.51
18 54 9.62
18 55 452.8
18 56 795.66
18 57 40.73
18 58 433.62
18 59 121.74
18 62 730.61
18 63 851.38
18 65 647.11
18 66 339.74
18 67 758.6
18 68 523.43
18 70 136.59
18 71 415.61
18 74 306.89
18 75 604.11
18 76 86.23
18 77 221.65
18 79 157.12
18 80 56.5
18 82 317.41
18 83 399.72
18 84 61.73
18 85 559.81
18 86 713.55
18 87 591.92
18 89 894.68
19 0 133.39
19 2 596.21
19 4 847.56
19 5 526.06
19 6 63.0
19 8 252.13
19 10 266.14
19 11 525.83
19 12 121.83
19 13 807.83
19 14 850.25
19 15 890.12
19 16 980.51
19 17 463.52
19 18 79.43
19 19 570.27
19 20 816.65
19 21 214.39
19 22 377.97
19 23 783.4
19 24 947.01
19 25 95.17
19 26 728.63
19 27 276.94
19 29 378.62
19 30 654.88
19 31 55.01
19 32 263.49
19 33 357.88
19 35 353.15
19 36 100.86
19 37 961.13
19 38 273.45
19 39 242.89
19 40 615.1
19 41 117.43
19 42 60.07
19 43 947.78
19 44 694.05
19 45 331.21
19 46 549.98
19 47 750.46
19 48 694.97
19 49 81.89
19 50 809.68
19 51 215.86
19 53 702.44
19 55 112.16
19 56 934.42
19 57 541.14
19 58 147.44
19 59 431.76
19 60 946.79
19 62 21.04
19 63 658.73
19 64 89.77
19 65 602.96
19 66 175.04
19 67 996.36
19 68 353.78
19 69 685.6
19 71 225.11
19 72 188.78
19 73 372.49
19 74 571.68
19 75 252.24
19 76 794.27
19 77 225.17
19 78 196.27
19 79 831.19
19 80 254.41
19 82 171.8
19 83 468.7
19 84 92.17
19 86 426.84
19 87 869.3
19 88 578.78
20 1 882.08
20 2 13.43
20 3 143.73
20 4 854.79
20 5 955.64
20 6 161.38
20 7 633.75
20 8 157.94
20 9 627.42
20 10 974.08
20 11 114.26
20 12 928.96
20 13 211.06
20 15 554.42
20 17 382.08
20 19 319.16
20 20 75.92
20 22 322.5
20 23 117.31
20 24 882.21
20 25 740.99
20 26 941.52
20 27 131.78
20 28 404.98
20 29 299.78
20 30 625.54
20 31 705.34
20 32 36.28
20 33 647.79
20 36 896.55
20 37 880.05
20 38 101.86
20 39 148.61
20 40 10.83
20 41 988.18
20 42 706.42
20 43 623.55
20 45 498.36
20 46 797.58
20 47 96.74
20 48 334.77
20 49 138.33
20 50 902.58
20 51 470.25
20 52 388.55
20 53 515.85
20 54 670.74
20 55 20.22
20 56 796.92
20 58 665.88
20 59 23.8
20 60 202.39
20 61 722.17
20 62 266.67
20 64 328.51
20 65 161.41
20 66 718.6
20 68 459.77
20 69 413.84
20 70 286.64
20 71 862.71
20 72 484.61
20 74 864.45
20 75 479.75
20 76 129.28
20 77 986.87
20 78 925.0
20 80 581.75
20 82 715.84
20 83 475.71
20 84 284.28
20 85 568.4
20 87 441.58
20 88 938.66
20 89 583.28
21 1 63.71
21 3 455.33
21 4 53.18
21 5 435.99
21 7 332.96
21 8 869.19
21 9 977.56
21 10 935.28
21 11 941.25
21 12 901.72
21 13 976.33
21 14 165.85
21 16 395.71
21 17 760.77
21 19 295.03
21 20 323.23
21 22 619.87
21 23 246.03
21 25 372.84
21 27 236.32
21 28 358.47
21 29 207.83
21 30 51.04
21 31 824.01
21 33 764.69
21 34 568.56
21 35 49.94
21 36 424.08
21 37 595.66
21 38 765.32
21 39 768.71
21 40 904.02
21 41 547.71
21 42 517.16
21 43 394.82
21 44 837.34
21 45 906.78
21 46 59.49
21 47 584.0
21 48 193.84
21 49 933.78
21 50 451.47
21 51 793.72
21 52 300.54
21 53 651.68
21 54 627.0
21 55 524.26
21 56 667.98
21 57 431.34
21 58 253.55
21 59 595.77
21 60 844.15
21 61 529.51
21 62 731.09
21 63 986.58
21 64 432.69
21 65 44.62
21 66 778.68
21 67 947.59
21 70 557.33
21 71 67.08
21 72 619.29
21 73 174.37
21 74 868.85
21 75 352.28
21 76 375.04
21 78 108.6
21 79 8.72
21 80 13.29
21 81 460.54
21 82 424.82
21 83 23.83
21 84 80.54
21 86 458.01
21 87 341.37
21 88 210.77
21 89 695.49
22 0 654.75
22 1 894.48
22 2 980.8
22 3 424.99
22 4 335.06
22 6 671.11
22 7 881.33
22 8 96.89
22 9 185.27
22 10 252.48
22 11 162.79
22 12 130.3
22 13 679.26
22 14 915.38
22 15 591.94
22 16 194.14
22 17 10.91
22 18 884.94
22 19 860.21
22 21 27.25
22 22 574.85
22 24 541.33
22 25 920.11
22 26 944.4
22 28 244.32
22 29 470.57
22 30 845.43
22 31 411.63
22 32 212.86
22 33 791.11
22 34 785.59
22 36 393.21
22 37 115.36
22 38 744.38
22 39 373.1
22 42 764.9
22 43 254.18
22 44 78.49
22 45 996.12
22 46 432.68
22 47 316.05
22 48 693.47
22 49 488.4
22 51 424.0
22 52 906.2
22 53 778.22
22 54 165.92
22 56 206.68
22 57 67.41
22 58 316.04
22 59 897.66
22 60 277.25
22 61 694.22
22 62 814.66
22 63 725.7
22 64 657.97
22 65 10.08
22 67 537.17
22 68 849.08
22 69 141.02
22 71 594.5
22 73 443.55
22 74 838.67
22 75 725.91
22 76 144.33
22 77 283.21
22 80 861.44
22 81 523.4
22 82 76.68
22 83 413.84
22 84 68.49
22 85 650.13
22 86 995.97
22 87 736.22
22 88 456.91
23 2 522.11
23 3 152.28
23 4 928.31
23 5 361.35
23 6 231.99
23 7 850.83
23 8 857.76
23 9 784.98
23 10 561.94
23 11 80.8
23 13 314.26
23 14 588.57
23 15 985.73
23 16 396.94
23 17 262.59
23 18 321.35
23 19 867.95
23 21 630.96
23 22 805.59
23 23 605.65
23 24 219.9
23 25 845.81
23 26 678.83
23 27 227.93
23 28 227.03
23 30 877.26
23 31 639.49
23 32 277.21
23 33 426.58
23 35 25.28
23 36 855.58
23 37 699.83
23 39 629.74
23 40 670.52
23 41 438.57
23 42 103.79
23 43 185.3
23 44 319.58
23 46 609.24
23 48 253.0
23 49 895.93
23 51 165.05
23 52 781.2
23 53 49.11
23 54 916.86
23 55 418.77
23 56 86.67
23 58 647.12
23 59 676.79
23 60 710.53
23 62 723.92
23 63 508.39
23 64 137.03
23 65 212.52
23 66 207.45
23 67 277.82
23 68 585.35
23 69 890.45
23 70 343.19
23 72 259.33
23 73 172.89
23 74 51.92
23 77 5.34
23 78 408.35
23 79 5.76
23 80 897.67
23 82 793.66
23 84 345.5
23 86 861.2
23 87 307.64
23 89 372.15
24 0 812.11
24 1 388.04
24 2 57.39
24 3 863.67
24 5 938.67
24 6 234.71
24 7 580.73
24 10 702.48
24 11 919.46
24 12 32.88
24 13 919.07
24 14 889.2
24 15 20.01
24 16 411.41
24 18 173.6
24 19 32.85
24 20 937.22
24 22 444.84
24 23 768.65
24 24 909.0
24 25 344.45
24 26 315.68
24 27 122.83
24 30 392.36
24 31 543.84
24 32 114.6
24 33 496.63
24 34 454.61
24 35 499.72
24 36 160.06
24 38 206.95
24 39 743.98
24 40 814.52
24 41 136.03
24 42 170.28
24 45 734.69
24 51 455.21
24 52 889.55
24 53 287.19
24 54 912.1
24 56 343.94
24 57 338.31
24 58 659.93
24 60 857.56
24 61 242.59
24 62 708.43
24 63 536.94
24 64 608.96
24 65 517.98
24 66 935.26
24 67 281.51
24 68 829.1
24 69 94.78
24 70 960.69
24 71 2.48
24 72 873.31
24 73 419.92
24 75 975.0
24 76 68.27
24 77 437.35
24 78 845.98
24 79 562.24
24 80 12.64
24 81 858.89
24 83 223.32
24 84 854.64
24 85 842.06
24 86 164.54
24 87 587.96
24 89 872.55
25 0 486.67
25 1 270.09
25 3 915.16
25 5 547.16
25 7 761.15
25 8 878.97
25 9 328.63
25 10 411.84
25 11 421.41
25 12 431.91
25 13 305.34
25 15 418.38
25 16 702.77
25 17 985.45
25 18 901.02
25 20 644.61
25 21 539.1
25 22 154.94
25 24 289.7
25 25 75.37
25 26 363.86
25 27 98.1
25 28 709.74
25 30 747.56
25 33 117.83
25 34 567.52
25 35 858.66
25 36 196.57
25 37 844.66
25 38 641.01
25 40 751.07
25 42 664.43
25 44 894.86
25 45 270.58
25 46 227.2
25 50 213.5
25 51 944.47
25 52 213.97
25 53 687.19
25 55 695.73
25 56 634.46
25 58 905.78
25 60 645.09
25 61 663.08
25 63 299.99
25 64 901.92
25 65 453.73
25 67 795.23
25 68 75.37
25 69 188.3
25 70 681.07
25 71 487.33
25 74 220.48
25 75 438.87
25 76 590.31
25 77 469.53
25 78 789.32
25 80 115.62
25 81 63.96
25 82 109.18
25 83 326.92
25 84 266.22
25 85 453.12
25 86 867.01
25 87 116.35
25 89 257.15
26 2 920.97
26 3 482.2
26 5 391.94
26 6 166.86
26 7 580.56
26 8 203.14
26 9 661.81
26 10 136.44
26 12 110.11
26 13 176.03
26 15 127.05
26 16 533.37
26 17 457.1
26 18 985.91
26 20 612.67
26 21 914.4
26 22 934.11
26 23 970.12
26 24 406.02
26 25 198.96
26 26 671.12
26 27 241.49
26 28 16.0
26 29 926.35
26 31 823.93
26 32 80.73
26 33 891.59
26 34 696.87
26 36 730.79
26 37 4.29
26 38 561.71
26 39 874.37
26 42 744.7
26 43 228.59
26 45 794.08
26 46 48.2
26 47 982.42
26 48 724.12
26 49 740.9
26 50 949.83
26 51 193.94
26 52 521.46
26 54 846.97
26 55 407.54
26 56 316.82
26 57 707.64
26 58 988.66
26 59 68.84
26 63 895.7
26 64 181.86
26 65 187.9
26 66 84.58
26 67 640.13
26 68 230.4
26 69 173.17
26 70 716.43
26 72 774.31
26 73 784.44
26 74 249.43
26 75 887.41
26 76 750.85
26 78 112.65
26 79 383.24
26 81 956.74
26 82 923.44
26 83 611.57
26 84 924.99
26 85 604.07
26 87 993.03
26 88 351.64
27 0 602.66
27 1 452.86
27 2 439.83
27 3 938.81
27 4 128.68
27 5 197.12
27 6 164.69
27 8 176.23
27 10 629.71
27 11 102.26
27 12 304.5
27 13 579.13
27 14 785.19
27 15 828.05
27 16 83.52
27 17 871.34
27 19 984.87
27 21 568.97
27 22 612.84
27 23 396.22
27 24 177.65
27 25 35.01
27 26 538.34
27 27 549.19
27 30 586.99
27 31 156.06
27 32 75.17
27 33 799.94
27 34 373.61
27 35 744.27
27 36 724.97
27 37 418.05
27 38 617.16
27 39 240.64
27 40 582.26
27 41 964.67
27 42 581.35
27 43 102.66
27 44 332.95
27 45 813.32
27 47 317.67
27 48 339.11
27 49 971.06
27 50 867.23
27 52 505.45
27 54 283.64
27 55 432.58
27 56 417.5
27 59 340.5
27 60 238.14
27 62 461.14
27 63 684.05
27 64 69.02
27 65 333.1
27 68 626.29
27 69 897.42
27 70 350.19
27 71 371.15
27 72 489.23
27 73 449.1
27 74 436.79
27 75 977.02
27 76 737.6
27 77 293.14
27 78 301.27
27 79 808.58
27 80 454.74
27 81 311.68
27 82 270.64
27 83 223.65
27 84 312.82
27 85 154.16
27 86 533.71
27 87 276.88
27 89 975.03
28 0 643.15
28 1 823.06
28 2 52.95
28 3 544.61
28 4 504.84
28 5 349.38
28 6 365.42
28 7 955.11
28 8 500.98
28 9 469.0
28 11 564.88
28 12 323.25
28 13 641.61
28 14 644.01
28 15 828.54
28 16 218.65
28 17 73.41
28 19 558.2
28 20 345.74
28 21 642.45
28 22 857.69
28 24 319.33
28 25 238.31
28 27 666.61
28 28 948.17
28 29 397.01
28 30 564.9
28 31 745.2
28 32 628.22
28 33 875.55
28 34 387.72
28 35 398.75
28 36 25.78
28 37 350.15
28 38 274.73
28 39 945.49
28 40 354.36
28 41 794.56
28 42 433.99
28 43 882.65
28 44 452.61
28 45 635.45
28 47 624.78
28 48 380.38
28 49 174.55
28 50 115.28
28 51 739.45
28 52 214.05
28 57 114.88
28 59 484.48
28 60 645.01
28 61 826.89
28 64 764.29
28 65 877.33
28 66 336.45
28 67 399.86
28 68 301.56
28 69 809.01
28 70 319.25
28 71 371.28
28 73 85.18
28 74 220.07
28 75 583.53
28 77 699.26
28 79 826.95
28 80 549.82
28 81 133.23
28 83 232.35
28 84 216.52
28 85 589.4
28 87 360.79
28 88 458.33
28 89 717.07
29 0 794.81
29 1 379.06
29 2 571.6
29 3 144.62
29 4 377.74
29 5 991.94
29 8 312.81
29 9 378.71
29 10 638.65
29 11 618.21
29 12 149.14
29 14 897.05
29 15 548.66
29 16 517.95
29 21 756.41
29 22 954.61
29 23 12.06
29 24 387.41
29 25 995.88
29 26 965.43
29 28 207.95
29 29 81.95
29 30 181.63
29 31 285.8
29 32 470.87
29 33 516.45
29 34 65.61
29 35 49.16
29 36 550.68
29 37 636.39
29 38 249.79
29 40 723.64
29 41 389.51
29 42 32.58
29 43 143.61
29 44 384.88
29 45 980.32
29 46 98.98
29 47 764.79
29 48 923.19
29 49 600.36
29 50 689.83
29 52 239.9
29 54 166.95
29 55 382.05
29 57 195.66
29 58 634.96
29 59 77.39
29 60 870.49
29 61 944.59
29 62 652.21
29 63 33.89
29 64 19.81
29 65 150.37
29 66 983.21
29 67 246.48
29 68 359.21
29 70 624.73
29 71 89.85
29 72 462.45
29 74 465.38
29 76 240.56
29 77 663.69
29 78 371.99
29 79 51.27
29 80 132.09
29 81 427.96
29 82 306.27
29 84 880.5
29 85 930.45
29 86 540.77
29 87 439.09
29 88 352.02
29 89 467.3
30 0 192.26
30 2 996.96
30 3 975.16
30 4 732.21
30 5 991.77
30 6 494.4
30 8 404.01
30 9 544.18
30 10 930.07
30 11 279.46
30 12 417.25
30 14 304.45
30 15 648.83
30 16 925.49
30 18 928.5
30 19 602.68
30 20 429.85
30 22 182.11
30 23 294.15
30 24 871.1
30 25 395.15
30 26 168.4
30 27 241.31
30 29 370.9
30 31 817.82
30 32 720.88
30 33 200.14
30 36 163.36
30 37 443.2
30 39 53.68
30 41 219.9
30 42 664.64
30 43 842.87
30 45 440.43
30 46 644.26
30 47 433.0
30 48 59.27
30 49 112.69
30 50 112.16
30 55 251.39
30 56 747.84
30 58 71.1
30 60 73.73
30 61 500.1
30 63 560.51
30 64 985.91
30 65 81.96
30 66 605.92
30 67 610.31
30 68 303.3
30 69 59.78
30 70 19.5
30 71 335.74
30 73 947.99
30 74 722.39
30 75 824.61
30 76 785.58
30 77 112.35
30 78 234.4
30 81 888.38
30 82 3.1
30 83 86.54
30 84 773.3
30 85 678.55
30 86 770.8
30 87 208.75
30 88 290.26
30 89 820.24
31 2 693.74
31 3 786.76
31 4 798.47
31 7 18.08
31 8 274.75
31 9 277.79
31 10 6.89
31 13 143.89
31 14 920.51
31 15 110.09
31 16 393.19
31 17 979.14
31 18 904.38
31 19 840.62
31 20 680.41
31 21 668.85
31 23 718.49
31 24 540.96
31 25 853.14
31 27 736.06
31 28 818.25
31 29 31.41
31 30 352.51
31 31 944.23
31 33 11.92
31 35 419.28
31 36 229.28
31 37 456.84
31 39 573.86
31 41 549.2
31 42 884.9
31 45 298.29
31 48 53.75
31 50 446.04
31 51 173.1
31 52 2.78
31 53 941.4
31 54 912.42
31 55 418.92
31 56 585.77
31 57 254.53
31 58 938.13
31 59 930.09
31 60 479.42
31 61 883.24
31 62 423.96
31 63 400.81
31 64 255.92
31 66 282.13
31 67 146.57
31 69 879.33
31 71 499.01
31 72 837.76
31 73 981.24
31 74 970.04
31 77 903.37
31 78 70.73
31 79 602.45
31 80 706.55
31 81 355.24
31 82 425.61
31 83 319.86
31 84 716.61
31 85 738.9
31 86 367.18
31 87 850.22
31 88 965.89
31 89 81.71
32 1 663.16
32 4 859.94
32 5 381.48
32 6 26.48
32 8 488.8
32 9 138.4
32 11 434.27
32 16 437.2
32 17 480.1
32 18 818.64
32 19 948.51
32 20 234.88
32 21 576.86
32 22 793.76
32 23 780.62
32 26 264.76
32 29 948.03
32 33 941.26
32 34 334.5
32 35 605.2
32 36 961.39
32 37 425.3
32 38 328.86
32 39 945.65
32 40 25.78
32 42 690.05
32 43 451.7
32 44 380.79
32 46 619.15
32 47 714.88
32 48 408.04
32 49 861.12
32 50 514.85
32 53 276.92
32 54 623.98
32 55 115.07
32 56 728.09
32 57 609.03
32 59 8.26
32 60 588.68
32 61 227.87
32 62 680.21
32 63 461.3
32 64 267.74
32 65 319.08
32 66 298.09
32 67 172.34
32 68 151.19
32 69 574.88
32 72 917.88
32 73 359.33
32 74 30.37
32 75 117.55
32 76 951.02
32 77 262.63
32 78 595.03
32 79 242.73
32 80 442.64
32 81 793.05
32 83 156.06
32 84 288.88
32 86 959.89
32 87 196.03
32 89 152.69
33 0 44.43
33 1 147.09
33 2 409.17
33 3 94.43
33 4 857.26
33 5 317.27
33 6 902.22
33 7 306.87
33 8 250.46
33 9 985.33
33 10 19.3
33 11 69.74
33 12 853.8
33 13 417.67
33 14 574.21
33 16 998.73
33 17 725.62
33 18 797.33
33 20 348.04
33 21 758.85
33 22 113.63
33 23 233.13
33 24 128.55
33 25 49.38
33 28 392.97
33 29 289.55
33 30 784.67
33 31 504.48
33 33 243.66
33 35 278.46
33 36 316.68
33 37 138.59
33 39 177.35
33 40 299.38
33 45 48.9
33 46 868.12
33 47 760.89
33 49 574.48
33 50 51.65
33 52 3.75
33 53 20.66
33 54 691.53
33 55 285.1
33 56 612.74
33 57 496.73
33 58 627.36
33 59 972.65
33 60 92.55
33 61 116.92
33 62 335.28
33 63 462.52
33 64 262.47
33 65 890.42
33 66 764.17
33 67 359.49
33 68 727.71
33 69 645.7
33 70 108.9
33 71 786.85
33 72 307.03
33 73 565.22
33 74 43.98
33 75 227.55
33 76 486.64
33 78 445.77
33 80 260.32
33 81 2.67
33 82 636.84
33 83 887.92
33 84 526.63
33 85 44.81
33 87 170.25
33 88 740.14
34 0 384.72
34 1 871.15
34 2 73.76
34 3 637.72
34 4 756.01
34 5 455.59
34 6 841.56
34 7 956.31
34 8 28.18
34 9 389.37
34 11 403.43
34 12 518.0
34 13 772.25
34 17 897.59
34 18 391.19
34 19 18.34
34 21 460.94
34 22 800.54
34 23 891.45
34 24 511.4
34 25 947.34
34 26 104.48
34 27 585.93
34 28 570.87
34 30 448.42
34 32 211.79
34 33 741.48
34 34 247.0
34 36 889.39
34 37 773.02
34 38 80.03
34 39 220.67
34 42 57.03
34 43 376.05
34 47 617.81
34 48 860.69
34 49 378.28
34 50 828.81
34 51 805.31
34 53 679.38
34 54 17.55
34 55 706.18
34 57 914.0
34 58 422.19
34 59 307.27
34 60 385.46
34 61 120.6
34 62 3.32
34 63 362.41
34 64 922.2
34 65 472.43
34 67 44.65
34 68 133.11
34 71 452.0
34 72 375.06
34 73 425.35
34 74 297.69
34 75 77.44
34 76 554.86
34 77 411.35
34 78 625.99
34 79 536.27
34 80 982.46
34 81 51.74
34 82 32.53
34 83 288.03
34 84 678.93
34 85 984.98
34 86 856.03
34 87 102.66
34 89 598.37
35 0 41.76
35 1 2.38
35 2 461.83
35 4 414.9
35 6 98.64
35 7 556.6
35 8 72.44
35 10 224.63
35 11 818.66
35 12 334.95
35 13 4.03
35 15 238.68
35 16 605.27
35 17 268.05
35 19 488.69
35 20 959.81
35 21 736.36
35 22 753.38
35 23 739.59
35 24 841.52
35 25 321.11
35 26 282.88
35 28 657.38
35 29 916.62
35 30 93.68
35 31 964.71
35 32 897.96
35 33 659.23
35 34 901.16
35 35 13.04
35 36 120.75
35 37 841.58
35 38 763.76
35 39 189.82
35 40 554.24
35 41 396.86
35 42 882.1
35 44 365.19
35 47 858.25
35 48 160.14
35 51 333.0
35 55 2.54
35 56 151.86
35 57 431.81
35 58 904.97
35 59 577.84
35 60 704.21
35 61 810.97
35 62 127.82
35 63 44.31
35 64 486.01
35 65 561.39
35 66 857.08
35 68 55.21
35 69 897.87
35 71 364.38
35 73 595.25
35 74 862.02
35 75 340.31
35 76 767.61
35 80 724.69
35 83 78.15
35 84 44.71
35 85 865.24
35 86 950.18
35 88 398.65
35 89 439.33
36 0 856.09
36 1 559.66
36 2 521.27
36 3 238.57
36 4 563.7
36 5 483.59
36 6 614.29
36 7 322.47
36 8 619.11
36 9 929.76
36 10 917.02
36 11 418.64
36 12 994.85
36 14 696.49
36 15 271.0
36 16 675.37
36 17 451.3
36 18 170.88
36 19 624.59
36 20 97.83
36 21 492.45
36 22 244.13
36 23 469.72
36 24 742.52
36 26 262.52
36 27 422.32
36 28 296.83
36 29 869.05
36 30 42.98
36 31 989.68
36 33 700.01
36 34 117.2
36 35 357.26
36 36 215.07
36 37 821.4
36 38 739.98
36 39 703.43
36 40 123.04
36 41 671.22
36 42 904.36
36 43 511.01
36 44 981.47
36 45 162.57
36 46 516.55
36 48 931.62
36 49 754.14
36 50 79.96
36 51 750.55
36 52 622.92
36 53 32.31
36 54 148.25
36 55 447.62
36 57 694.16
36 59 686.08
36 63 358.78
36 64 238.33
36 65 613.74
36 66 354.98
36 67 53.22
36 68 828.74
36 69 873.95
36 70 548.89
36 71 379.88
36 72 315.92
36 74 584.95
36 76 175.0
36 77 972.51
36 78 789.48
36 79 215.32
36 80 308.19
36 81 20.4
36 82 211.52
36 83 498.66
36 84 236.03
36 86 576.37
36 87 93.36
36 88 692.45
36 89 483.02
37 0 884.33
37 1 320.62
37 2 840.48
37 3 813.86
37 4 564.93
37 5 568.97
37 7 184.19
37 8 779.78
37 10 870.01
37 11 938.2
37 12 652.07
37 14 500.32
37 15 112.56
37 17 692.06
37 18 205.84
37 19 561.33
37 20 488.99
37 21 200.79
37 22 178.93
37 23 270.28
37 24 817.69
37 25 666.05
37 26 318.82
37 27 176.17
37 28 379.3
37 29 954.69
37 30 532.09
37 31 160.61
37 32 211.7
37 33 797.84
37 35 553.38
37 36 404.67
37 37 982.13
37 38 934.9
37 39 824.14
37 40 562.99
37 41 334.42
37 42 734.86
37 43 276.31
37 44 274.6
37 45 408.99
37 46 877.31
37 47 277.6
37 48 541.9
37 50 581.44
37 52 309.8
37 53 561.3
37 54 128.39
37 55 51.64
37 56 471.08
37 57 780.34
37 58 7.38
37 59 308.56
37 60 86.85
37 61 831.23
37 62 24.3
37 63 440.21
37 65 11.33
37 67 88.22
37 69 329.59
37 70 729.84
37 71 259.2
37 72 166.64
37 73 907.66
37 74 921.87
37 75 605.56
37 76 565.21
37 77 567.33
37 78 878.96
37 81 986.46
37 82 463.88
37 83 57.36
37 84 315.62
37 85 56.46
37 89 447.72
38 0 236.6
38 1 992.24
38 2 502.12
38 4 798.6
38 5 966.74
38 6 680.81
38 7 528.51
38 8 397.44
38 9 122.64
38 10 709.76
38 11 354.49
38 13 492.15
38 14 979.6
38 15 719.69
38 16 317.02
38 19 635.46
38 21 593.92
38 22 743.03
38 24 332.74
38 26 559.38
38 27 401.26
38 28 954.43
38 29 936.23
38 30 846.98
38 31 23.02
38 34 43.22
38 35 486.66
38 36 504.35
38 37 88.24
38 38 913.92
38 39 181.8
38 40 303.28
38 41 774.82
38 43 389.64
38 44 744.75
38 45 144.76
38 46 604.41
38 47 8.0
38 48 366.68
38 50 637.58
38 52 421.29
38 53 384.06
38 54 49.48
38 56 371.27
38 57 91.18
38 58 886.57
38 59 515.13
38 60 380.11
38 62 605.89
38 63 734.82
38 64 776.61
38 66 752.43
38 69 158.95
38 70 372.31
38 72 308.28
38 74 79.73
38 76 728.91
38 78 556.87
38 79 173.68
38 80 541.44
38 82 423.55
38 83 623.1
38 85 828.07
38 86 999.25
38 87 500.91
38 89 14.35
39 0 558.56
39 2 116.53
39 3 537.63
39 4 252.35
39 5 607.79
39 6 123.23
39 8 61.37
39 9 688.02
39 10 107.38
39 11 148.33
39 12 979.4
39 13 953.85
39 14 788.65
39 15 360.88
39 17 726.99
39 18 863.92
39 19 961.05
39 20 641.38
39 22 177.38
39 25 367.69
39 26 578.46
39 27 369.44
39 29 515.16
39 30 65.33
39 31 527.11
39 32 697.37
39 33 120.49
39 36 368.68
39 37 602.92
39 38 400.68
39 39 595.6
39 40 117.01
39 41 647.52
39 42 748.27
39 43 674.1
39 44 300.64
39 45 571.71
39 48 120.11
39 50 662.06
39 52 558.61
39 53 469.94
39 54 530.29
39 55 701.83
39 56 338.31
39 57 714.79
39 58 442.56
39 60 629.41
39 61 465.97
39 62 597.01
39 63 988.32
39 65 4.9
39 66 374.65
39 67 495.2
39 68 428.64
39 69 646.82
39 73 886.43
39 74 129.08
39 75 149.01
39 76 97.13
39 77 310.84
39 78 321.22
39 79 197.81
39 80 757.33
39 81 490.28
39 83 543.53
39 84 884.38
39 85 853.57
39 86 152.59
39 87 659.89
39 89 650.04
40 1 934.24
40 2 228.15
40 3 89.11
40 4 968.99
40 5 190.33
40 6 640.91
40 7 10.79
40 9 934.97
40 10 94.82
40 11 964.26
40 12 552.74
40 13 734.17
40 14 635.74
40 15 152.06
40 17 730.62
40 18 104.31
40 19 44.92
40 20 668.91
40 21 50.71
40 22 870.65
40 23 993.43
40 24 190.6
40 25 667.29
40 26 886.24
40 28 932.73
40 29 143.72
40 30 511.23
40 31 349.83
40 32 169.52
40 34 933.8
40 35 550.54
40 36 270.29
40 37 125.97
40 39 81.37
40 40 375.4
40 41 846.32
40 42 315.88
40 44 223.13
40 45 855.16
40 46 91.97
40 47 140.68
40 48 443.92
40 50 371.97
40 51 934.41
40 52 89.97
40 53 414.04
40 54 355.42
40 55 492.93
40 56 194.2
40 57 847.22
40 58 529.75
40 59 533.28
40 61 631.82
40 62 869.99
40 63 930.35
40 65 306.92
40 66 430.98
40 68 549.01
40 69 230.37
40 71 362.53
40 72 366.4
40 73 61.23
40 74 750.26
40 75 640.73
40 76 761.82
40 77 276.43
40 78 501.99
40 79 602.44
40 80 704.43
40 81 634.8
40 82 479.62
40 83 118.8
40 84 167.58
40 86 3.0
40 87 77.06
40 88 490.89
40 89 863.78
41 0 701.31
41 1 851.72
41 2 335.46
41 3 64.02
41 4 33.99
41 7 312.77
41 8 950.46
41 9 180.82
41 11 706.66
41 12 701.59
41 13 64.92
41 14 908.11
41 15 48.1
41 17 992.89
41 18 821.59
41 19 869.02
41 21 709.45
41 22 138.02
41 23 918.67
41 25 687.17
41 26 273.31
41 27 211.3
41 28 317.34
41 29 981.93
41 30 66.6
41 31 367.32
41 32 131.95
41 33 385.69
41 34 206.96
41 35 349.25
41 38 240.43
41 39 324.73
41 41 176.88
41 43 612.26
41 45 674.71
41 46 440.45
41 48 965.1
41 49 274.32
41 50 422.91
41 54 650.98
41 55 477.9
41 56 698.84
41 58 789.72
41 59 256.09
41 60 285.38
41 61 125.59
41 62 277.2
41 63 319.22
41 65 565.09
41 66 89.73
41 67 242.92
41 68 432.27
41 69 770.85
41 72 207.63
41 74 134.82
41 75 800.61
41 76 575.83
41 77 934.54
41 78 458.79
41 79 556.38
41 80 890.17
41 81 663.45
41 82 630.8
41 83 354.36
41 86 633.57
41 87 728.96
41 88 780.41
41 89 585.13
42 0 570.35
42 1 222.18
42 2 489.14
42 3 773.68
42 4 430.68
42 5 58.05
42 6 402.44
42 7 536.91
42 9 872.43
42 13 691.44
42 14 719.88
42 15 390.85
42 16 533.96
42 17 47.51
42 18 281.52
42 19 35.68
42 20 537.44
42 21 301.52
42 22 166.89
42 23 487.6
42 24 610.92
42 25 331.51
42 27 936.49
42 31 90.62
42 32 216.11
42 33 374.21
42 34 272.5
42 35 698.17
42 36 608.89
42 37 548.93
42 39 234.48
42 40 344.93
42 41 478.86
42 43 902.85
42 44 885.89
42 47 526.65
42 48 903.28
42 49 576.35
42 50 244.1
42 51 761.94
42 52 65.75
42 54 63.92
42 55 989.05
42 56 728.15
42 58 402.47
42 59 927.53
42 60 997.66
42 62 208.94
42 63 29.8
42 64 275.33
42 65 355.64
42 66 75.68
42 67 971.12
42 68 155.86
42 69 636.48
42 70 962.47
42 71 702.16
42 72 164.03
42 76 330.11
42 77 230.42
42 78 636.55
42 79 950.21
42 80 21.95
42 81 199.85
42 83 383.51
42 84 522.27
42 86 916.07
42 87 113.74
42 88 70.47
42 89 363.63
43 0 418.03
43 1 228.92
43 2 792.05
43 3 502.3
43 4 487.7
43 5 937.06
43 6 418.47
43 7 287.06
43 8 919.61
43 9 593.12
43 10 660.56
43 11 321.26
43 12 157.72
43 13 16.45
43 15 228.54
43 16 601.34
43 17 776.98
43 18 342.53
43 19 268.87
43 20 350.25
43 21 730.51
43 22 834.84
43 23 7.49
43 24 818.14
43 26 586.86
43 27 394.63
43 28 215.1
43 29 815.45
43 30 744.39
43 31 51.28
43 32 422.42
43 33 912.38
43 34 134.68
43 35 200.88
43 36 795.45
43 38 262.58
43 39 98.45
43 40 259.42
43 41 18.93
43 42 89.86
43 43 14.56
43 44 566.04
43 45 217.53
43 46 849.46
43 47 943.15
43 48 232.29
43 49 554.31
43 50 196.85
43 51 700.62
43 52 861.12
43 53 967.65
43 54 617.8
43 56 635.35
43 58 222.72
43 59 478.05
43 61 679.53
43 62 594.53
43 63 303.5
43 64 423.97
43 65 157.04
43 66 263.65
43 67 336.38
43 68 437.5
43 69 353.4
43 70 13.48
43 72 399.35
43 74 54.08
43 75 613.45
43 76 704.61
43 77 806.05
43 78 485.24
43 79 507.45
43 81 295.92
43 82 111.76
43 83 688.72
43 85 762.03
43 86 297.84
43 87 80.4
43 89 55.97
44 0 307.16
44 1 631.41
44 3 388.63
44 4 646.94
44 5 72.93
44 7 441.78
44 8 473.5
44 9 746.85
44 10 969.46
44 11 172.99
44 12 858.43
44 13 580.95
44 15 585.0
44 16 593.44
44 19 276.19
44 20 121.48
44 21 442.6
44 22 612.91
44 23 808.71
44 24 260.56
44 25 40.16
44 26 984.45
44 27 718.36
44 28 373.13
44 29 647.67
44 30 140.81
44 31 586.83
44 35 756.6
44 36 407.43
44 37 975.76
44 38 368.3
44 39 29.77
44 40 80.84
44 41 955.45
44 42 291.93
44 43 892.95
44 44 286.57
44 45 262.82
44 46 466.08
44 50 461.09
44 51 537.68
44 52 938.97
44 53 982.02
44 54 242.59
44 55 960.49
44 56 579.42
44 57 299.42
44 58 254.11
44 60 292.23
44 61 179.11
44 62 126.6
44 63 386.34
44 64 920.63
44 65 757.96
44 66 934.99
44 67 404.39
44 68 124.57
44 69 695.8
44 70 243.86
44 71 832.31
44 72 815.37
44 73 432.24
44 75 285.47
44 76 256.64
44 77 737.05
44 78 796.8
44 79 559.75
44 80 538.48
44 81 209.27
44 82 740.42
44 83 749.37
44 84 877.26
44 86 680.66
44 87 92.5
44 89 714.07
45 0 960.43
45 1 598.28
45 2 942.34
45 4 570.35
45 5 674.05
45 6 258.81
45 7 561.26
45 8 388.06
45 10 55.07
45 11 614.93
45 12 366.44
45 13 536.31
45 14 989.35
45 15 309.82
45 16 12.69
45 17 15.79
45 19 190.93
45 21 807.87
45 22 271.4
45 25 280.4
45 26 361.55
45 27 496.37
45 30 621.15
45 32 405.26
45 33 859.57
45 35 666.86
45 36 666.79
45 38 259.07
45 39 548.17
45 40 842.19
45 41 374.71
45 42 776.8
45 43 54.14
45 44 961.49
45 45 572.23
45 46 51.16
45 47 148.59
45 48 505.14
45 51 132.96
45 52 42.15
45 53 604.84
45 54 525.6
45 55 684.78
45 57 238.15
45 58 593.27
45 59 15.51
45 60 91.2
45 62 998.36
45 64 976.76
45 65 560.92
45 66 902.32
45 67 118.5
45 68 460.36
45 69 320.47
45 70 417.67
45 71 321.11
45 72 547.45
45 73 338.97
45 74 601.18
45 76 813.42
45 78 306.88
45 79 52.35
45 81 598.98
45 82 470.22
45 83 959.33
45 84 337.11
45 85 125.69
45 86 153.62
45 87 966.81
45 88 377.04
45 89 181.22
46 1 374.27
46 2 218.77
46 4 140.15
46 5 957.56
46 6 502.48
46 7 140.02
46 9 673.37
46 10 96.53
46 11 246.87
46 12 507.28
46 13 387.44
46 14 170.85
46 15 302.49
46 16 196.47
46 17 170.27
46 18 249.69
46 19 158.08
46 20 904.19
46 21 884.24
46 22 937.14
46 23 107.18
46 25 222.0
46 26 624.85
46 27 220.56
46 28 279.19
46 29 27.36
46 30 899.21
46 31 221.85
46 32 330.1
46 33 638.27
46 34 319.76
46 35 363.05
46 36 668.84
46 37 656.99
46 38 755.61
46 39 57.44
46 40 396.16
46 41 743.8
46 42 806.24
46 43 160.1
46 45 57.59
46 46 453.04
46 51 491.35
46 52 891.41
46 54 695.62
46 55 499.45
46 56 808.41
46 57 401.96
46 58 149.76
46 59 529.82
46 60 274.19
46 61 248.71
46 62 813.31
46 63 562.21
46 64 151.37
46 65 958.37
46 66 382.22
46 67 129.1
46 68 208.01
46 71 855.84
46 72 575.02
46 73 30.8
46 74 862.93
46 75 253.89
46 76 883.52
46 77 403.35
46 78 840.11
46 79 363.3
46 80 576.77
46 81 937.02
46 84 732.02
46 85 114.92
46 87 273.27
46 89 110.79
47 0 487.21
47 1 339.95
47 2 772.66
47 3 45.07
47 4 944.13
47 5 811.92
47 6 795.24
47 8 448.65
47 10 640.67
47 11 459.26
47 12 423.67
47 13 689.88
47 14 696.07
47 15 663.98
47 16 788.06
47 17 962.18
47 18 944.64
47 19 167.17
47 20 223.24
47 21 179.3
47 22 746.68
47 23 602.46
47 24 63.05
47 25 638.53
47 26 117.36
47 27 978.95
47 28 875.06
47 29 751.66
47 30 480.59
47 32 797.31
47 33 283.61
47 34 22.07
47 36 282.53
47 38 344.15
47 39 911.22
47 40 10.35
47 41 508.41
47 44 438.25
47 45 578.15
47 46 424.81
47 47 762.29
47 48 733.94
47 49 629.48
47 50 552.68
47 51 916.15
47 52 211.97
47 53 443.84
47 55 954.98
47 56 290.84
47 57 891.1
47 58 641.38
47 59 828.47
47 61 44.74
47 62 894.04
47 63 107.62
47 65 66.19
47 66 473.88
47 67 543.03
47 68 775.57
47 69 772.34
47 71 550.99
47 74 537.87
47 75 448.82
47 77 96.46
47 78 336.01
47 79 503.46
47 80 938.38
47 82 607.26
47 83 283.08
47 84 241.42
47 85 618.35
47 86 515.53
47 87 212.85
47 89 210.06
48 0 964.7
48 1 880.28
48 6 565.39
48 7 328.61
48 9 411.3
48 10 900.05
48 12 760.23
48 13 623.65
48 14 67.33
48 15 685.78
48 16 907.48
48 17 496.71
48 18 689.21
48 19 702.07
48 20 63.29
48 22 465.81
48 23 724.46
48 24 142.15
48 25 892.62
48 26 305.42
48 27 77.76
48 30 81.82
48 31 437.09
48 32 377.9
48 33 82.04
48 34 856.67
48 38 394.43
48 41 835.23
48 42 330.68
48 43 582.36
48 44 375.71
48 45 341.86
48 46 839.97
48 48 10.74
48 49 834.47
48 50 868.28
48 51 655.69
48 53 985.17
48 54 699.42
48 55 487.42
48 56 459.29
48 57 244.06
48 58 14.13
48 59 377.27
48 60 362.42
48 62 512.2
48 64 915.08
48 65 717.55
48 66 510.27
48 67 273.37
48 68 172.0
48 69 698.8
48 70 429.4
48 71 237.97
48 72 803.39
48 73 684.04
48 74 940.95
48 75 177.53
48 76 113.82
48 77 636.91
48 78 249.87
48 79 660.39
48 80 657.39
48 81 149.74
48 83 678.31
48 85 214.2
48 86 830.1
48 87 576.55
48 88 250.54
49 0 171.98
49 2 214.44
49 3 46.48
49 4 158.4
49 6 522.67
49 7 684.39
49 9 342.69
49 10 173.33
49 11 902.42
49 13 126.25
49 14 225.88
49 15 513.81
49 16 992.02
49 17 142.63
49 18 92.0
49 20 105.84
49 21 360.88
49 22 635.92
49 23 396.95
49 24 35.45
49 25 633.48
49 26 822.69
49 27 499.68
49 28 722.44
49 29 412.08
49 30 290.7
49 31 113.52
49 32 335.33
49 33 273.74
49 34 954.37
49 35 344.57
49 36 597.37
49 37 690.97
49 38 305.92
49 39 170.14
49 41 599.04
49 42 280.53
49 44 978.25
49 45 278.24
49 46 349.77
49 47 500.88
49 48 557.58
49 49 627.69
49 50 217.61
49 51 799.31
49 53 84.58
49 55 436.72
49 56 946.38
49 57 283.82
49 58 482.73
49 59 2.91
49 60 738.41
49 62 433.65
49 63 479.14
49 64 18.57
49 65 719.13
49 66 945.14
49 67 607.06
49 69 989.78
49 70 817.31
49 71 368.67
49 72 622.18
49 74 41.59
49 76 437.75
49 77 826.24
49 78 890.21
49 79 257.1
49 80 723.67
49 82 44.52
49 83 711.39
49 84 320.73
49 87 641.08
49 88 931.97
49 89 239.78
50 1 556.05
50 3 75.47
50 4 454.06
50 5 442.9
50 6 786.03
50 9 283.34
50 10 904.93
50 11 188.22
50 12 459.13
50 13 932.96
50 15 176.32
50 17 65.34
50 20 546.01
50 21 645.55
50 22 605.54
50 23 500.51
50 24 993.41
50 25 874.44
50 26 413.43
50 28 329.62
50 29 398.81
50 30 886.48
50 31 851.12
50 32 248.82
50 33 527.18
50 34 25.86
50 35 968.76
50 36 835.39
50 37 299.55
50 38 434.05
50 39 990.77
50 41 886.05
50 42 178.53
50 43 27.95
50 44 613.62
50 45 862.61
50 47 647.63
50 48 266.59
50 49 339.29
50 50 577.89
50 51 589.54
50 52 887.3
50 54 399.83
50 55 735.33
50 56 60.59
50 57 560.02
50 58 115.03
50 59 469.75
50 60 445.3
50 62 3.57
50 64 691.56
50 65 63.46
50 67 26.78
50 68 606.23
50 70 77.84
50 71 124.27
50 72 688.81
50 73 196.25
50 74 805.19
50 75 120.63
50 76 137.03
50 80 396.35
50 81 687.75
50 83 479.0
50 84 864.57
50 85 281.44
50 86 851.21
50 87 504.27
50 88 704.01
50 89 223.11
51 0 405.57
51 1 579.52
51 2 512.76
51 3 949.48
51 4 231.95
51 5 937.6
51 7 733.85
51 9 752.18
51 11 892.04
51 12 680.06
51 13 143.05
51 14 839.55
51 15 366.18
51 16 292.25
51 17 53.68
51 18 538.7
51 19 989.58
51 20 468.15
51 21 529.45
51 22 539.83
51 23 556.51
51 24 572.97
51 26 177.96
51 27 503.95
51 28 591.46
51 29 558.01
51 30 893.3
51 31 110.39
51 32 31.39
51 33 859.27
51 34 73.04
51 36 379.73
51 38 330.4
51 40 986.45
51 42 580.19
51 43 912.55
51 44 254.54
51 45 692.53
51 47 638.47
51 48 588.28
51 49 884.43
51 50 214.31
51 51 279.53
51 52 380.6
51 54 929.47
51 57 206.75
51 58 184.88
51 59 673.49
51 60 458.74
51 61 578.8
51 62 394.32
51 63 501.36
51 64 630.45
51 65 873.6
51 66 135.64
51 67 276.69
51 68 221.58
51 69 104.13
51 71 619.08
51 72 131.74
51 73 384.2
51 74 296.2
51 75 787.93
51 76 134.6
51 77 575.56
51 78 334.79
51 79 325.47
51 80 332.28
51 81 33.85
51 82 320.86
51 83 799.91
51 84 242.06
51 85 176.75
51 86 566.15
51 87 942.76
51 88 483.51
51 89 592.56
52 3 162.04
52 4 109.67
52 5 66.16
52 6 95.41
52 7 342.03
52 8 345.2
52 9 135.12
52 10 241.37
52 11 184.25
52 12 470.4
52 13 997.35
52 14 852.8
52 15 262.42
52 16 669.11
52 17 971.38
52 19 256.05
52 20 6.09
52 21 221.13
52 22 72.97
52 23 98.7
52 24 172.28
52 25 328.44
52 26 83.19
52 27 466.22
52 28 916.66
52 29 140.12
52 30 75.26
52 31 354.18
52 32 874.9
52 33 246.02
52 34 449.51
52 35 953.26
52 36 724.41
52 37 554.7
52 39 708.99
52 40 61.28
52 41 610.57
52 42 135.41
52 43 812.09
52 44 384.31
52 45 746.51
52 46 612.13
52 48 305.92
52 49 16.45
52 50 353.37
52 51 659.76
52 52 777.37
52 53 146.74
52 55 290.09
52 56 397.77
52 57 258.56
52 58 442.75
52 59 900.87
52 60 946.92
52 61 37.29
52 62 530.29
52 64 43.58
52 65 556.14
52 66 195.64
52 67 603.68
52 68 696.76
52 69 951.7
52 70 769.08
52 71 836.54
52 73 403.03
52 74 204.76
52 76 383.35
52 77 170.36
52 79 179.32
52 80 767.04
52 81 70.57
52 82 496.11
52 83 139.61
52 84 355.85
52 85 139.85
52 86 683.02
52 87 804.86
52 88 240.43
52 89 1.2
53 0 312.09
53 1 730.4
53 2 371.22
53 3 942.0
53 4 512.1
53 5 850.47
53 6 70.19
53 7 206.84
53 8 132.22
53 9 652.43
53 10 298.42
53 11 83.1
53 12 683.53
53 13 502.26
53 14 536.21
53 16 564.58
53 17 167.45
53 19 655.36
53 20 713.82
53 22 435.24
53 24 366.31
53 25 820.66
53 27 737.0
53 29 753.87
53 31 609.31
53 32 95.72
53 33 828.34
53 35 212.19
53 39 607.79
53 40 434.43
53 41 175.76
53 42 296.53
53 43 869.0
53 45 103.63
53 46 656.69
53 47 749.54
53 48 637.36
53 49 67.84
53 51 210.14
53 52 43.67
53 53 28.68
53 54 828.2
53 55 882.86
53 56 981.46
53 57 803.55
53 58 631.64
53 59 412.57
53 60 685.33
53 61 921.03
53 62 154.67
53 63 749.74
53 64 498.17
53 65 105.68
53 66 634.08
53 67 415.84
53 68 435.13
53 69 524.61
53 72 830.93
53 73 736.95
53 75 49.27
53 76 492.35
53 77 338.9
53 78 101.83
53 79 207.74
53 80 381.85
53 82 404.79
53 83 694.12
53 85 854.6
53 86 979.82
53 87 385.1
53 88 639.94
53 89 955.44
54 0 329.34
54 1 275.77
54 2 414.28
54 3 862.75
54 4 119.44
54 5 271.6
54 6 889.66
54 7 534.92
54 8 278.2
54 9 406.37
54 11 107.77
54 12 763.19
54 14 132.77
54 15 516.29
54 16 282.3
54 17 633.46
54 18 141.93
54 19 164.84
54 20 672.96
54 21 396.97
54 22 939.63
54 23 155.22
54 24 182.62
54 25 88.11
54 26 211.74
54 28 147.34
54 29 762.63
54 30 500.49
54 31 955.22
54 32 289.76
54 33 658.99
54 35 377.34
54 36 407.91
54 37 655.83
54 38 148.29
54 39 843.03
54 40 768.09
54 41 627.0
54 42 514.07
54 43 732.85
54 44 252.88
54 46 966.61
54 51 920.0
54 52 585.2
54 53 277.93
54 54 799.64
54 55 856.33
54 56 29.82
54 57 803.39
54 58 424.53
54 60 801.18
54 61 675.98
54 62 750.99
54 63 67.24
54 64 791.24
54 66 180.86
54 68 697.0
54 69 930.22
54 72 723.47
54 74 651.18
54 75 508.24
54 76 361.19
54 77 772.39
54 78 641.63
54 79 159.48
54 81 695.6
54 83 785.63
54 84 211.47
54 85 700.86
54 86 722.71
54 88 247.02
54 89 892.71
55 0 160.27
55 1 168.82
55 2 239.18
55 3 207.81
55 4 335.14
55 5 247.68
55 6 799.25
55 7 896.33
55 8 531.86
55 10 191.59
55 13 47.16
55 14 668.6
55 15 962.39
55 16 337.52
55 17 183.99
55 18 588.42
55 19 8.21
55 20 478.52
55 21 64.0
55 23 534.56
55 24 379.69
55 25 364.89
55 27 782.9
55 28 932.42
55 29 174.51
55 30 243.51
55 31 757.99
55 32 554.01
55 33 99.06
55 34 185.46
55 35 678.08
55 36 614.13
55 37 245.08
55 38 197.67
55 39 169.96
55 40 955.82
55 42 651.94
55 43 854.46
55 45 132.03
55 47 346.02
55 49 563.34
55 50 721.76
55 51 981.33
55 52 892.08
55 53 354.39
55 54 403.04
55 55 215.45
55 56 691.22
55 57 622.54
55 58 761.9
55 61 613.86
55 62 761.1
55 65 621.9
55 66 563.32
55 67 307.62
55 68 5.7
55 71 269.62
55 72 705.18
55 73 76.72
55 74 223.37
55 75 243.3
55 77 249.51
55 78 954.96
55 79 866.77
55 80 702.78
55 81 780.63
55 82 712.35
55 83 109.63
55 84 444.52
55 86 254.3
55 87 320.76
55 88 222.72
56 0 329.67
56 1 777.35
56 3 163.81
56 5 159.49
56 8 197.88
56 9 447.32
56 10 408.42
56 11 660.42
56 12 937.62
56 13 884.56
56 14 155.82
56 15 749.12
56 17 840.12
56 18 653.69
56 19 892.94
56 20 537.13
56 21 446.01
56 22 336.32
56 24 792.13
56 25 544.28
56 26 290.66
56 27 153.4
56 28 397.34
56 30 512.47
56 31 397.33
56 33 692.73
56 34 556.79
56 36 682.0
56 37 3.66
56 38 252.26
56 39 332.43
56 40 729.36
56 41 193.78
56 42 910.66
56 44 271.78
56 45 291.29
56 46 274.15
56 47 682.79
56 48 997.43
56 49 204.44
56 50 777.16
56 51 443.34
56 52 584.41
56 54 355.6
56 55 172.6
56 56 123.58
56 57 876.59
56 58 480.14
56 59 465.45
56 60 973.22
56 61 840.65
56 62 542.62
56 63 449.65
56 65 760.13
56 68 890.78
56 69 137.82
56 70 182.18
56 71 40.13
56 73 725.49
56 74 803.09
56 75 749.64
56 77 166.8
56 78 475.93
56 79 940.33
56 80 711.79
56 82 175.98
56 83 785.18
56 84 872.06
56 85 911.96
56 86 667.44
56 87 5.1
56 88 812.95
57 0 650.89
57 1 797.37
57 2 140.34
57 3 578.16
57 4 529.82
57 5 26.95
57 7 914.44
57 8 993.11
57 10 925.49
57 11 670.6
57 12 85.72
57 13 718.57
57 14 604.62
57 15 211.93
57 16 852.49
57 17 164.65
57 19 246.61
57 20 318.3
57 21 923.78
57 22 816.02
57 23 786.92
57 24 45.4
57 25 450.2
57 26 607.31
57 27 45.14
57 28 376.96
57 29 60.38
57 31 304.31
57 33 406.69
57 34 220.25
57 35 767.57
57 36 24.87
57 37 168.1
57 41 690.71
57 42 401.68
57 44 153.22
57 45 902.29
57 46 307.64
57 47 645.12
57 48 932.29
57 49 321.91
57 50 716.36
57 51 496.99
57 52 973.78
57 53 615.7
57 55 463.97
57 56 51.26
57 57 728.29
57 58 129.76
57 59 660.74
57 60 49.78
57 61 337.98
57 62 80.04
57 64 128.65
57 65 13.96
57 68 26.69
57 69 471.86
57 71 255.38
57 72 241.5
57 73 917.53
57 74 597.28
57 75 921.32
57 76 781.17
57 78 654.41
57 79 995.29
57 80 423.18
57 81 941.58
57 82 686.28
57 84 706.51
57 85 789.25
57 86 55.41
57 88 660.12
57 89 103.99
58 0 783.98
58 1 561.61
58 2 170.22
58 4 466.3
58 5 222.76
58 6 936.4
58 7 368.17
58 8 766.88
58 9 668.19
58 11 751.28
58 12 977.55
58 14 108.35
58 15 123.85
58 16 738.7
58 17 514.9
58 18 40.04
58 19 752.77
58 20 875.09
58 22 414.19
58 23 476.0
58 24 357.43
58 25 541.83
58 26 138.97
58 27 811.48
58 28 278.42
58 29 725.81
58 30 541.69
58 32 916.55
58 33 184.89
58 34 770.9
58 37 205.47
58 38 139.36
58 39 235.12
58 40 30.6
58 41 450.07
58 42 530.82
58 43 72.34
58 44 436.72
58 45 919.14
58 47 221.34
58 48 345.24
58 50 457.38
58 51 611.12
58 52 216.3
58 53 837.58
58 54 572.29
58 55 686.94
58 56 238.81
58 58 596.58
58 59 108.13
58 60 386.19
58 61 513.25
58 63 2.84
58 64 652.73
58 65 482.72
58 67 107.91
58 68 539.61
58 69 218.63
58 70 344.51
58 71 808.56
58 72 154.3
58 73 163.66
58 74 336.16
58 75 827.22
58 76 241.29
58 77 709.89
58 78 463.22
58 79 553.07
58 80 971.53
58 81 576.76
58 82 233.18
58 83 418.24
58 84 525.11
58 85 497.77
58 86 369.76
58 87 100.07
58 88 956.63
58 89 271.42
59 0 735.6
59 2 309.61
59 3 244.13
59 4 359.82
59 5 583.0
59 6 2.4
59 7 569.15
59 8 528.67
59 9 532.28
59 10 630.25
59 11 465.86
59 12 280.91
59 13 678.63
59 14 114.54
59 15 441.11
59 17 467.93
59 20 252.54
59 21 67.43
59 22 533.76
59 23 118.9
59 27 16.84
59 28 942.39
59 29 772.31
59 30 789.62
59 31 61.74
59 33 120.91
59 34 730.79
59 39 162.69
59 43 621.45
59 45 253.64
59 46 64.25
59 47 152.5
59 48 402.47
59 49 485.07
59 53 964.26
59 55 16.77
59 56 890.25
59 58 945.17
59 60 386.22
59 61 858.8
59 62 532.62
59 63 721.9
59 64 308.56
59 65 931.47
59 66 79.63
59 67 346.13
59 68 185.61
59 70 91.89
59 71 792.37
59 72 867.29
59 73 424.2
59 74 367.79
59 76 183.53
59 77 55.55
59 78 755.07
59 80 251.9
59 81 812.06
59 82 612.26
59 83 526.41
59 84 798.01
59 86 739.52
59 87 832.3
60 0 466.9
60 1 949.66
60 2 77.19
60 3 435.15
60 4 399.5
60 5 487.81
60 6 782.78
60 8 367.42
60 9 728.5
60 10 18.64
60 11 603.57
60 12 509.15
60 13 57.73
60 14 967.64
60 15 340.14
60 16 306.79
60 17 424.14
60 19 146.08
60 21 308.55
60 22 767.31
60 26 761.14
60 28 375.69
60 29 540.71
60 30 384.48
60 31 520.06
60 32 260.23
60 33 964.64
60 34 203.48
60 35 108.23
60 36 241.09
60 39 296.02
60 40 843.72
60 41 109.28
60 42 98.23
60 43 574.77
60 44 590.42
60 45 163.14
60 47 272.09
60 48 891.85
60 49 135.05
60 50 343.68
60 51 786.56
60 52 401.15
60 53 813.61
60 54 310.73
60 56 553.48
60 57 119.25
60 58 644.5
60 59 139.19
60 60 744.91
60 61 957.23
60 62 328.11
60 63 871.96
60 65 549.68
60 66 364.66
60 67 741.97
60 68 154.67
60 69 912.66
60 70 760.57
60 71 224.82
60 72 842.42
60 73 221.58
60 74 69.91
60 75 493.54
60 76 291.41
60 77 869.84
60 78 133.81
60 79 460.84
60 80 216.19
60 81 827.67
60 82 313.48
60 83 38.3
60 84 637.32
60 85 192.62
60 86 938.78
60 87 859.39
60 88 313.13
60 89 564.85
61 1 925.05
61 2 537.73
61 3 731.37
61 4 619.01
61 5 646.33
61 7 917.19
61 8 916.88
61 9 315.86
61 10 920.15
61 11 616.04
61 12 930.55
61 13 239.36
61 14 965.11
61 16 669.48
61 17 778.02
61 18 529.96
61 19 606.26
61 20 278.0
61 21 752.53
61 22 18.3
61 23 632.75
61 24 780.25
61 25 558.68
61 26 940.89
61 28 202.57
61 30 566.15
61 31 419.71
61 33 16.91
61 34 698.15
61 35 431.37
61 40 111.9
61 41 290.89
61 43 913.21
61 44 540.57
61 45 490.71
61 46 700.05
61 47 324.05
61 48 436.39
61 49 378.6
61 50 897.96
61 51 93.49
61 52 676.55
61 53 65.6
61 54 170.41
61 56 682.86
61 57 48.99
61 58 134.61
61 59 657.94
61 61 357.69
61 62 961.44
61 64 643.7
61 65 183.08
61 66 530.42
61 67 987.12
61 68 882.37
61 69 591.31
61 70 961.46
61 71 713.62
61 72 63.73
61 73 341.15
61 74 367.79
61 76 797.98
61 78 328.93
61 79 762.06
61 80 918.86
61 81 147.67
61 83 870.02
61 84 826.43
61 85 491.68
61 86 237.13
61 87 205.44
61 88 78.4
61 89 190.36
62 2 550.21
62 3 936.08
62 4 907.98
62 5 458.18
62 6 794.64
62 7 694.03
62 8 314.04
62 9 268.41
62 10 620.57
62 11 45.59
62 12 636.15
62 13 702.3
62 15 706.97
62 16 822.6
62 18 26.33
62 19 366.13
62 20 291.94
62 21 628.18
62 22 51.11
62 23 341.67
62 24 573.49
62 25 885.63
62 27 767.46
62 28 431.07
62 29 371.69
62 30 437.46
62 31 11.69
62 32 666.9
62 34 878.07
62 36 241.08
62 37 538.7
62 38 200.19
62 40 339.67
62 41 220.5
62 44 194.41
62 45 696.18
62 46 548.75
62 47 190.23
62 48 893.19
62 50 559.67
62 54 765.41
62 55 768.84
62 56 630.34
62 57 544.62
62 58 716.14
62 59 247.75
62 60 501.57
62 61 292.52
62 62 854.53
62 63 779.5
62 64 559.92
62 67 373.12
62 70 570.25
62 71 316.8
62 72 111.63
62 73 147.38
62 74 322.06
62 76 352.65
62 77 113.01
62 78 660.55
62 80 426.74
62 81 30.75
62 82 476.63
62 83 827.43
62 85 909.92
62 86 194.33
62 87 583.67
62 88 219.39
62 89 617.02
63 1 997.87
63 2 42.76
63 5 670.13
63 6 980.44
63 7 23.03
63 9 834.58
63 10 728.02
63 11 185.12
63 12 288.1
63 13 173.69
63 14 84.92
63 15 297.36
63 16 851.8
63 17 939.45
63 18 308.28
63 20 116.53
63 21 647.75
63 22 799.2
63 24 701.9
63 25 371.08
63 26 560.2
63 27 620.76
63 28 835.4
63 29 857.28
63 31 458.16
63 32 219.32
63 33 399.29
63 34 529.36
63 35 37.27
63 37 916.85
63 38 574.77
63 39 994.26
63 40 931.52
63 41 90.32
63 42 80.91
63 43 416.57
63 44 293.31
63 45 209.9
63 46 702.65
63 47 230.1
63 48 3.03
63 49 356.45
63 50 865.74
63 52 171.66
63 53 633.08
63 54 306.01
63 55 515.3
63 56 108.19
63 57 959.69
63 60 18.56
63 62 502.94
63 63 638.71
63 64 1.84
63 65 86.73
63 66 240.93
63 69 592.68
63 70 879.12
63 72 553.81
63 73 727.43
63 74 244.04
63 75 790.44
63 76 650.39
63 77 694.76
63 78 321.32
63 79 198.48
63 80 638.39
63 81 561.11
63 82 76.85
63 84 680.92
63 85 110.84
63 86 728.96
63 87 719.61
63 88 82.1
63 89 807.97
64 0 887.73
64 1 352.21
64 2 998.04
64 3 515.94
64 6 189.68
64 7 145.22
64 8 664.13
64 9 677.7
64 10 856.28
64 11 64.08
64 14 902.71
64 15 880.91
64 16 554.82
64 18 553.21
64 19 189.08
64 20 958.81
64 21 79.45
64 22 226.9
64 23 101.06
64 24 560.16
64 25 793.1
64 26 202.78
64 27 731.53
64 28 693.78
64 29 699.82
64 31 170.78
64 32 222.03
64 33 416.09
64 34 188.39
64 36 294.39
64 37 641.0
64 38 1.47
64 39 914.46
64 40 703.36
64 41 402.2
64 42 268.78
64 43 673.29
64 44 820.04
64 45 565.51
64 46 211.99
64 47 850.86
64 48 975.51
64 49 843.81
64 51 943.57
64 52 396.17
64 53 390.57
64 54 677.96
64 55 865.27
64 56 642.06
64 57 807.75
64 58 895.66
64 60 983.52
64 61 602.9
64 62 146.12
64 63 433.3
64 64 146.87
64 65 919.57
64 67 355.3
64 68 157.61
64 69 533.9
64 70 521.32
64 71 968.28
64 73 397.53
64 76 700.96
64 77 290.61
64 78 844.99
64 79 199.41
64 80 181.55
64 81 294.11
64 83 390.42
64 84 968.79
64 86 171.4
64 88 395.8
64 89 410.62
65 0 676.43
65 1 820.35
65 2 831.88
65 3 10.85
65 4 869.41
65 5 780.36
65 6 399.7
65 7 810.81
65 8 298.62
65 10 819.46
65 12 691.85
65 13 353.24
65 14 215.88
65 15 505.91
65 16 859.32
65 17 465.4
65 18 8.09
65 19 920.22
65 20 782.01
65 21 290.76
65 22 603.17
65 23 426.52
65 24 272.61
65 25 499.37
65 26 699.95
65 27 481.77
65 28 540.37
65 29 584.72
65 30 929.55
65 31 285.71
65 32 329.37
65 33 733.51
65 34 461.92
65 35 589.43
65 36 736.33
65 37 828.75
65 39 413.89
65 41 195.95
65 42 76.9
65 43 761.84
65 44 252.7
65 45 469.36
65 46 15.17
65 48 312.15
65 49 148.56
65 50 692.03
65 51 919.73
65 52 613.1
65 53 604.46
65 54 205.17
65 55 392.88
65 56 596.54
65 58 765.23
65 59 870.32
65 60 218.1
65 61 475.06
65 62 368.26
65 63 515.83
65 64 894.04
65 65 854.53
65 66 202.72
65 67 73.77
65 68 904.27
65 69 108.01
65 70 401.59
65 72 477.49
65 76 35.71
65 77 698.14
65 78 95.74
65 81 108.22
65 83 147.26
65 84 746.35
65 85 704.68
65 86 129.28
65 87 424.51
65 88 890.42
65 89 636.61
66 0 923.77
66 2 534.38
66 4 779.3
66 5 533.28
66 6 841.49
66 7 686.51
66 8 58.38
66 9 523.52
66 10 866.92
66 11 712.75
66 13 430.52
66 14 422.39
66 15 429.0
66 16 429.98
66 17 379.66
66 18 80.93
66 19 586.67
66 20 787.37
66 22 523.39
66 23 704.16
66 24 857.13
66 26 752.75
66 28 726.48
66 30 902.13
66 31 978.42
66 32 472.21
66 33 687.85
66 35 482.42
66 36 477.62
66 37 92.15
66 39 371.19
66 40 919.51
66 42 204.68
66 44 767.5
66 45 953.26
66 46 13.63
66 47 244.86
66 48 979.14
66 49 970.3
66 50 525.08
66 52 930.32
66 53 766.28
66 54 461.79
66 55 36.51
66 56 172.38
66 58 7.47
66 59 117.89
66 60 781.69
66 63 867.87
66 64 11.07
66 72 715.8
66 73 632.0
66 74 812.7
66 75 10.4
66 76 714.87
66 77 846.68
66 78 474.22
66 79 854.6
66 80 760.84
66 81 565.79
66 84 12.55
66 85 184.46
66 86 747.25
66 87 815.1
66 89 666.81
67 1 950.63
67 2 680.19
67 5 699.55
67 6 276.61
67 7 850.76
67 8 994.3
67 9 970.54
67 11 742.12
67 12 165.49
67 13 284.82
67 14 30.74
67 15 936.73
67 16 120.73
67 19 868.18
67 20 118.04
67 21 794.43
67 22 275.9
67 23 451.35
67 24 317.85
67 25 207.97
67 26 726.78
67 27 304.12
67 28 561.82
67 29 82.5
67 30 510.61
67 31 39.09
67 32 730.37
67 33 932.35
67 34 645.84
67 35 829.03
67 36 434.57
67 37 464.05
67 39 500.24
67 40 826.83
67 41 632.09
67 42 128.53
67 44 500.97
67 45 248.62
67 46 153.63
67 47 529.53
67 50 250.43
67 51 967.93
67 53 573.93
67 54 43.44
67 56 2.78
67 57 658.44
67 58 470.88
67 59 230.47
67 60 945.5
67 62 626.31
67 63 281.53
67 64 609.72
67 65 717.52
67 66 778.03
67 67 285.99
67 69 805.21
67 70 337.07
67 71 456.34
67 72 16.71
67 73 171.64
67 74 594.41
67 75 334.37
67 76 662.32
67 77 983.82
67 78 498.68
67 79 957.69
67 81 610.63
67 82 5.22
67 84 667.45
67 85 5.42
67 86 480.1
67 87 996.52
67 88 489.35
67 89 445.26
68 0 681.16
68 1 65.09
68 2 485.39
68 5 699.34
68 6 328.69
68 8 918.71
68 9 736.75
68 10 194.65
68 11 896.23
68 12 936.89
68 13 16.97
68 14 243.49
68 16 622.86
68 17 874.69
68 18 452.79
68 20 489.95
68 21 1.17
68 22 753.07
68 23 736.44
68 24 756.6
68 25 554.84
68 26 573.76
68 28 42.76
68 29 862.85
68 30 790.95
68 31 96.96
68 32 162.88
68 33 680.22
68 34 735.92
68 35 115.39
68 36 334.86
68 37 129.79
68 38 66.96
68 39 807.39
68 43 743.61
68 44 925.13
68 45 536.32
68 46 157.89
68 47 515.04
68 48 246.13
68 49 609.97
68 50 346.11
68 51 843.33
68 52 247.33
68 53 968.65
68 54 888.67
68 56 978.83
68 57 713.34
68 58 764.99
68 59 846.22
68 61 683.05
68 62 238.27
68 63 720.37
68 64 302.67
68 65 908.65
68 66 247.8
68 67 517.4
68 68 96.34
68 71 35.78
68 72 337.65
68 74 455.5
68 76 245.99
68 78 280.39
68 79 224.74
68 80 685.28
68 81 858.24
68 82 616.8
68 83 699.73
68 86 360.66
68 89 142.55
69 0 571.11
69 1 953.06
69 2 144.82
69 3 5.88
69 4 736.52
69 5 983.73
69 6 9.04
69 7 802.36
69 8 490.54
69 9 907.15
69 10 369.79
69 11 793.32
69 12 587.13
69 13 340.56
69 14 146.43
69 15 519.49
69 16 477.88
69 17 466.19
69 18 532.72
69 19 123.5
69 20 838.54
69 21 448.3
69 22 800.23
69 23 720.93
69 24 384.09
69 25 976.59
69 27 377.26
69 30 981.48
69 32 147.75
69 34 264.74
69 36 576.73
69 37 323.96
69 38 226.51
69 39 161.27
69 40 722.11
69 41 626.82
69 43 739.98
69 44 836.64
69 46 216.45
69 48 461.19
69 49 140.16
69 50 713.78
69 51 476.77
69 52 66.65
69 53 358.16
69 54 286.34
69 55 652.96
69 56 560.26
69 57 246.81
69 58 840.59
69 59 396.78
69 60 823.45
69 61 98.58
69 62 991.67
69 63 506.37
69 64 193.21
69 66 625.3
69 67 339.46
69 68 520.9
69 69 391.82
69 70 153.47
69 71 560.23
69 72 106.64
69 73 419.81
69 76 163.89
69 77 11.64
69 78 425.71
69 79 810.48
69 80 886.01
69 82 528.96
69 83 205.62
69 84 273.15
69 85 69.91
69 86 61.37
69 87 771.25
69 88 852.18
69 89 64.09
70 0 917.44
70 2 862.39
70 3 86.52
70 4 109.47
70 5 611.46
70 6 23.74
70 7 246.1
70 8 214.2
70 9 916.52
70 11 460.15
70 12 55.5
70 13 853.92
70 14 715.2
70 15 570.42
70 16 617.44
70 18 641.49
70 21 521.23
70 22 132.62
70 23 464.78
70 25 147.87
70 27 823.15
70 29 620.41
70 30 372.99
70 31 424.09
70 33 307.86
70 34 330.83
70 37 456.75
70 38 280.33
70 39 305.6
70 40 490.3
70 41 49.38
70 42 528.08
70 43 180.92
70 45 384.49
70 46 653.77
70 47 353.54
70 48 801.06
70 49 115.66
70 50 916.77
70 52 126.3
70 53 813.11
70 54 224.73
70 55 156.87
70 56 216.64
70 57 284.03
70 59 592.85
70 60 570.6
70 62 921.54
70 66 205.61
70 68 592.43
70 69 146.99
70 71 67.94
70 72 124.67
70 73 56.33
70 74 852.62
70 75 82.24
70 76 355.75
70 78 46.88
70 79 128.79
70 80 905.59
70 82 527.89
70 84 726.08
70 85 703.32
70 86 933.22
70 87 230.03
70 88 28.8
70 89 115.75
71 0 970.81
71 1 469.64
71 2 666.24
71 3 483.42
71 4 819.38
71 5 768.29
71 6 361.08
71 7 852.25
71 8 78.15
71 9 611.95
71 10 27.59
71 12 297.6
71 16 321.37
71 17 449.06
71 18 708.12
71 20 862.86
71 21 978.57
71 23 893.13
71 24 187.48
71 25 306.21
71 27 501.38
71 28 411.14
71 30 485.42
71 31 819.57
71 32 32.4
71 33 694.98
71 35 498.26
71 37 692.74
71 38 700.42
71 39 197.5
71 40 128.68
71 41 670.43
71 42 88.95
71 43 977.88
71 46 210.2
71 47 424.15
71 49 345.72
71 50 307.08
71 52 512.19
71 54 83.26
71 55 93.38
71 56 48.72
71 57 506.76
71 58 316.91
71 60 548.69
71 62 585.32
71 63 65.42
71 64 610.72
71 65 750.94
71 66 981.87
71 67 360.41
71 68 858.04
71 70 290.91
71 71 371.95
71 72 677.74
71 74 573.43
71 75 506.12
71 76 84.22
71 78 900.49
71 79 83.99
71 80 203.41
71 81 126.11
71 82 311.62
71 83 395.88
71 84 623.33
71 85 503.23
71 86 439.5
71 89 487.26
72 0 880.44
72 1 377.24
72 2 950.44
72 3 995.11
72 4 446.75
72 5 819.62
72 6 386.31
72 7 939.91
72 8 647.35
72 10 402.6
72 11 210.95
72 12 927.45
72 13 773.81
72 14 337.0
72 15 179.48
72 16 13.4
72 17 911.32
72 18 57.86
72 20 472.83
72 21 203.43
72 22 536.95
72 23 458.58
72 24 426.65
72 25 323.16
72 26 165.93
72 27 441.96
72 29 395.63
72 31 394.63
72 32 247.27
72 33 608.48
72 34 362.5
72 35 194.1
72 36 480.06
72 37 228.67
72 38 498.51
72 39 316.98
72 40 167.34
72 41 594.63
72 43 377.7
72 45 760.16
72 46 138.13
72 47 296.9
72 48 414.9
72 49 304.44
72 50 29.4
72 51 991.58
72 52 970.48
72 53 837.38
72 54 46.42
72 55 673.94
72 56 706.64
72 57 837.05
72 58 967.47
72 59 821.65
72 61 786.03
72 62 15.82
72 63 839.93
72 64 794.77
72 66 554.46
72 68 393.9
72 69 614.45
72 70 572.6
72 71 298.98
72 73 244.93
72 74 225.56
72 75 981.9
72 76 865.01
72 77 646.5
72 78 826.97
72 80 595.34
72 82 709.74
72 83 307.5
72 84 277.16
72 85 140.53
72 87 893.26
72 88 834.5
72 89 236.11
73 0 989.11
73 1 166.19
73 3 781.02
73 4 797.17
73 5 332.96
73 6 234.8
73 7 715.61
73 8 619.29
73 10 274.43
73 12 668.62
73 13 188.55
73 14 464.63
73 15 23.05
73 17 418.49
73 18 548.4
73 19 722.91
73 20 27.56
73 21 208.18
73 22 52.67
73 23 540.47
73 25 268.95
73 27 758.32
73 28 280.27
73 30 591.0
73 31 582.53
73 33 780.15
73 34 672.68
73 35 674.09
73 36 972.17
73 37 172.73
73 38 23.75
73 39 814.44
73 40 856.55
73 41 169.8
73 42 911.71
73 45 492.49
73 46 679.17
73 47 74.26
73 48 656.05
73 49 108.5
73 50 954.13
73 51 530.16
73 52 339.99
73 55 730.14
73 57 909.77
73 58 858.73
73 59 147.31
73 61 725.18
73 64 313.07
73 65 839.48
73 66 73.7
73 69 434.14
73 70 814.21
73 71 902.13
73 72 56.49
73 76 673.3
73 77 124.43
73 79 594.48
73 80 114.08
73 81 50.5
73 82 410.27
73 83 83.57
73 84 919.26
73 85 528.48
73 86 388.86
73 87 360.58
73 88 473.08
73 89 239.58
74 0 5.66
74 2 670.96
74 3 864.96
74 5 438.35
74 6 552.79
74 7 407.27
74 8 480.76
74 9 823.57
74 10 461.48
74 11 948.45
74 12 40.6
74 13 889.41
74 14 795.53
74 15 789.88
74 16 304.38
74 17 867.44
74 19 710.46
74 20 957.38
74 21 979.49
74 22 24.28
74 23 555.27
74 24 325.66
74 27 67.86
74 28 458.46
74 31 174.82
74 32 270.31
74 33 55.43
74 34 11.13
74 35 550.8
74 36 13.25
74 37 397.28
74 38 574.72
74 39 909.29
74 40 955.22
74 41 79.12
74 42 848.95
74 43 988.19
74 44 670.83
74 45 818.31
74 47 257.26
74 50 478.12
74 51 39.24
74 54 898.42
74 55 851.51
74 56 138.29
74 57 706.25
74 58 36.08
74 59 43.81
74 62 231.76
74 63 417.09
74 64 660.86
74 65 947.1
74 66 442.4
74 67 766.85
74 69 775.32
74 70 634.6
74 71 247.12
74 72 668.95
74 73 71.07
74 74 365.05
74 76 206.84
74 77 983.32
74 78 442.02
74 79 322.11
74 80 348.5
74 81 323.84
74 83 382.64
74 84 760.25
74 85 948.64
74 86 651.37
74 87 744.39
74 88 241.47
74 89 224.67
75 0 141.9
75 1 562.8
75 4 617.42
75 5 38.09
75 7 702.67
75 9 982.25
75 10 372.59
75 12 27.6
75 13 536.48
75 14 387.37
75 15 107.52
75 17 944.41
75 18 291.07
75 20 851.75
75 21 452.47
75 22 524.3
75 24 486.57
75 25 234.89
75 26 965.89
75 27 658.06
75 28 40.38
75 29 480.32
75 31 309.67
75 33 29.56
75 34 44.6
75 36 902.78
75 37 261.38
75 38 740.88
75 39 365.42
75 41 118.55
75 42 494.9
75 43 819.13
75 44 365.08
75 46 659.02
75 47 372.19
75 48 862.67
75 49 893.76
75 50 794.71
75 51 628.72
75 52 214.44
75 53 550.15
75 54 516.46
75 55 43.17
75 56 107.2
75 57 53.37
75 60 24.33
75 61 316.79
75 62 719.57
75 63 108.01
75 65 164.89
75 66 899.44
75 67 129.66
75 68 834.86
75 69 30.42
75 71 455.84
75 72 572.42
75 73 225.78
75 74 476.25
75 75 413.39
75 77 234.69
75 78 139.84
75 79 332.84
75 80 947.58
75 81 824.37
75 82 901.61
75 83 820.47
75 85 924.55
75 89 829.4
76 0 802.64
76 2 874.38
76 3 92.68
76 4 148.78
76 5 266.51
76 6 475.17
76 7 625.85
76 8 308.06
76 9 430.59
76 10 164.54
76 11 832.01
76 12 368.2
76 13 598.87
76 15 455.72
76 16 731.35
76 17 740.26
76 18 697.79
76 19 344.96
76 21 260.08
76 23 78.72
76 24 716.18
76 25 551.62
76 26 172.55
76 27 11.38
76 28 779.16
76 30 710.75
76 31 380.11
76 32 64.22
76 33 607.39
76 35 224.55
76 36 487.86
76 37 678.01
76 39 60.78
76 40 652.04
76 43 755.36
76 44 863.07
76 45 937.37
76 46 316.54
76 47 136.11
76 48 581.55
76 49 165.7
76 50 689.14
76 51 665.45
76 52 788.68
76 53 289.94
76 54 558.19
76 55 240.99
76 56 321.81
76 57 525.14
76 58 767.26
76 62 28.3
76 63 859.79
76 64 392.54
76 65 344.48
76 66 704.48
76 67 719.87
76 68 277.36
76 69 469.5
76 70 792.17
76 71 362.14
76 74 945.09
76 76 487.03
76 77 506.25
76 78 480.28
76 79 331.3
76 81 465.81
76 82 493.12
76 83 982.2
76 85 808.87
76 87 930.67
76 88 576.46
76 89 364.1
77 1 590.38
77 2 914.54
77 3 687.99
77 4 56.39
77 5 131.12
77 6 14.46
77 8 838.11
77 10 955.85
77 12 454.81
77 13 516.54
77 14 257.78
77 15 995.5
77 16 959.12
77 17 225.23
77 18 655.09
77 19 78.61
77 20 391.17
77 21 259.26
77 22 266.96
77 23 661.58
77 25 699.18
77 27 940.69
77 28 355.26
77 29 545.28
77 30 22.47
77 31 209.56
77 32 961.46
77 33 23.71
77 36 37.86
77 37 545.49
77 38 914.84
77 39 366.87
77 40 31.74
77 41 139.87
77 42 465.14
77 44 794.64
77 45 174.56
77 46 819.97
77 47 290.67
77 48 926.05
77 49 603.37
77 50 790.34
77 51 713.03
77 52 480.18
77 54 304.52
77 55 664.39
77 56 214.77
77 57 156.39
77 58 362.02
77 59 689.24
77 60 627.87
77 61 322.02
77 62 833.56
77 63 13.56
77 65 534.04
77 67 116.9
77 69 910.38
77 70 325.35
77 72 621.0
77 73 915.03
77 74 380.23
77 76 288.18
77 77 67.95
77 79 687.78
77 82 611.09
77 83 365.32
77 84 3.72
77 85 702.29
77 87 722.07
77 88 236.95
77 89 998.69
78 0 517.56
78 1 578.04
78 2 92.18
78 3 342.49
78 4 487.27
78 5 171.53
78 6 311.56
78 7 907.14
78 8 812.0
78 9 752.75
78 10 483.11
78 11 219.02
78 12 871.81
78 13 697.66
78 14 486.67
78 15 46.43
78 16 283.79
78 17 460.01
78 20 258.91
78 21 186.81
78 22 353.68
78 25 121.13
78 26 377.48
78 27 648.7
78 28 965.77
78 30 472.35
78 31 7.12
78 32 402.04
78 33 897.52
78 34 905.17
78 35 304.3
78 39 715.5
78 40 635.98
78 41 315.96
78 42 431.81
78 43 384.94
78 45 949.14
78 46 262.14
78 47 588.18
78 48 922.04
78 49 184.38
78 50 734.49
78 51 680.07
78 52 29.14
78 53 939.42
78 55 840.56
78 56 904.07
78 57 842.29
78 58 934.51
78 60 238.88
78 61 503.92
78 64 998.05
78 65 265.76
78 69 416.64
78 70 435.72
78 71 969.14
78 72 800.23
78 75 346.29
78 76 956.45
78 77 689.71
78 79 444.21
78 81 904.77
78 82 65.72
78 83 147.02
78 84 848.81
78 85 340.64
78 86 621.21
78 87 462.47
78 88 390.89
78 89 663.26
79 0 313.48
79 1 501.25
79 2 429.55
79 3 769.55
79 4 853.06
79 5 285.42
79 6 589.6
79 7 951.61
79 8 992.8
79 9 730.18
79 10 76.49
79 11 951.79
79 12 453.36
79 13 756.21
79 14 147.95
79 15 618.71
79 16 909.8
79 18 99.62
79 19 986.91
79 22 229.61
79 23 247.26
79 24 461.65
79 25 958.59
79 26 126.63
79 27 932.21
79 28 746.22
79 29 973.58
79 30 652.69
79 32 926.67
79 33 573.58
79 34 156.5
79 35 245.27
79 37 285.21
79 38 454.38
79 39 12.97
79 40 506.02
79 41 867.3
79 42 387.6
79 43 44.02
79 44 247.83
79 45 793.39
79 46 284.99
79 47 28.63
79 48 990.98
79 49 228.21
79 50 632.39
79 51 547.78
79 52 939.62
79 53 199.09
79 54 501.54
79 55 678.69
79 56 870.18
79 57 713.28
79 58 997.47
79 59 469.87
79 60 594.39
79 61 480.18
79 62 103.72
79 63 100.2
79 64 633.67
79 66 985.36
79 67 81.61
79 70 671.55
79 73 862.87
79 76 729.96
79 77 273.85
79 78 363.0
79 79 296.01
79 81 638.94
79 83 704.85
79 84 546.86
79 85 748.88
79 86 662.25
79 87 471.73
79 89 228.96
80 0 282.2
80 1 218.83
80 2 475.56
80 3 534.87
80 4 326.83
80 5 245.33
80 6 417.04
80 8 282.93
80 9 563.28
80 10 780.29
80 11 595.55
80 12 900.5
80 13 298.8
80 14 142.23
80 15 986.06
80 16 415.81
80 17 670.03
80 18 470.63
80 19 371.22
80 20 457.29
80 21 834.5
80 23 127.73
80 24 880.99
80 26 200.57
80 27 985.62
80 28 452.66
80 31 992.3
80 33 645.72
80 34 13.48
80 35 202.95
80 36 611.39
80 37 345.3
80 38 361.83
80 39 510.69
80 41 123.11
80 42 57.81
80 43 445.32
80 44 466.6
80 46 946.41
80 47 700.55
80 48 630.54
80 49 695.51
80 50 36.75
80 51 514.92
80 52 379.45
80 53 151.87
80 54 734.06
80 55 76.43
80 56 380.05
80 58 995.23
80 59 23.08
80 60 430.75
80 61 793.43
80 62 431.5
80 63 653.63
80 64 387.97
80 65 585.35
80 66 983.5
80 67 974.83
80 68 481.12
80 69 731.47
80 70 719.33
80 71 436.89
80 73 485.27
80 74 116.04
80 76 950.95
80 77 3.3
80 78 218.76
80 79 73.63
80 82 418.51
80 83 798.46
80 84 766.66
80 85 618.36
80 87 126.85
80 88 557.52
80 89 379.53
81 1 304.1
81 2 951.61
81 3 117.74
81 4 305.97
81 6 491.16
81 7 581.86
81 9 141.75
81 10 550.69
81 13 532.85
81 14 127.92
81 17 230.23
81 19 659.83
81 20 422.04
81 21 637.38
81 22 959.76
81 25 836.59
81 26 750.9
81 28 788.55
81 29 484.73
81 32 55.41
81 34 461.73
81 36 675.81
81 37 868.48
81 38 976.06
81 39 276.28
81 40 736.77
81 41 830.03
81 42 839.44
81 43 194.65
81 46 828.88
81 47 505.71
81 48 941.29
81 49 614.76
81 50 951.8
81 51 831.54
81 52 85.86
81 53 799.53
81 55 384.66
81 57 655.2
81 58 542.09
81 59 867.58
81 60 664.49
81 62 374.27
81 64 990.56
81 66 913.98
81 67 788.36
81 68 776.86
81 69 101.03
81 70 511.93
81 71 235.74
81 72 924.43
81 73 91.23
81 74 407.21
81 75 140.12
81 76 460.54
81 77 673.79
81 78 533.18
81 79 847.45
81 80 508.54
81 81 862.29
81 82 380.41
81 83 207.86
81 84 342.65
81 85 495.85
81 86 65.42
81 87 557.52
81 88 317.36
82 0 914.07
82 1 407.72
82 2 449.89
82 3 590.9
82 5 562.88
82 6 413.51
82 8 371.45
82 9 790.18
82 10 944.55
82 11 256.87
82 12 608.08
82 13 830.19
82 14 537.15
82 15 827.42
82 16 854.34
82 17 660.79
82 18 349.04
82 19 221.0
82 20 3.53
82 21 153.0
82 22 991.72
82 23 949.92
82 24 258.81
82 25 622.0
82 26 445.46
82 27 950.62
82 28 921.86
82 30 864.83
82 31 391.01
82 33 218.97
82 37 52.14
82 39 787.39
82 40 436.53
82 41 497.17
82 43 503.25
82 45 656.29
82 46 626.8
82 48 551.32
82 49 284.77
82 50 856.88
82 53 529.55
82 55 571.9
82 57 478.2
82 58 211.13
82 59 105.46
82 60 791.04
82 61 148.57
82 62 840.85
82 64 813.7
82 65 721.9
82 66 909.89
82 67 88.7
82 68 285.63
82 69 897.42
82 73 602.2
82 74 443.43
82 75 427.13
82 76 666.71
82 77 758.32
82 78 955.58
82 79 332.45
82 80 373.96
82 81 120.06
82 82 780.46
82 83 64.42
82 84 857.45
82 85 733.05
82 86 874.48
82 87 45.81
82 89 773.04
83 0 274.41
83 1 455.5
83 2 925.01
83 3 788.2
83 4 138.3
83 5 415.88
83 7 957.4
83 9 949.78
83 10 590.35
83 11 525.81
83 12 413.68
83 13 944.28
83 14 471.72
83 15 683.82
83 16 253.47
83 17 851.4
83 18 939.98
83 19 575.35
83 21 57.24
83 22 362.61
83 23 624.74
83 24 79.83
83 25 611.0
83 27 586.99
83 28 156.35
83 29 748.36
83 30 470.86
83 33 937.1
83 34 505.65
83 35 933.56
83 36 744.28
83 37 550.91
83 39 75.93
83 40 412.42
83 41 760.01
83 42 427.18
83 43 786.49
83 44 907.53
83 46 446.21
83 47 412.31
83 48 856.32
83 49 254.81
83 50 210.99
83 51 999.98
83 52 620.61
83 53 340.58
83 54 372.41
83 55 461.7
83 56 898.47
83 57 373.65
83 58 136.31
83 59 493.93
83 60 29.89
83 61 672.51
83 65 504.96
83 66 497.54
83 67 141.3
83 70 800.62
83 71 649.59
83 73 164.5
83 74 715.13
83 75 940.03
83 76 735.76
83 77 651.2
83 78 585.67
83 79 192.11
83 81 549.82
83 82 834.33
83 83 814.9
83 84 26.63
83 85 326.65
83 86 229.53
83 87 135.77
83 88 397.44
83 89 399.76
84 0 477.49
84 3 909.12
84 6 144.23
84 7 992.7
84 10 651.05
84 13 222.95
84 14 290.89
84 15 858.5
84 16 350.58
84 18 823.92
84 19 190.78
84 20 252.59
84 21 327.13
84 22 635.9
84 24 466.01
84 25 220.99
84 26 640.9
84 27 887.63
84 28 120.37
84 29 236.56
84 30 478.73
84 32 110.3
84 33 278.79
84 34 246.54
84 37 197.93
84 38 77.63
84 40 736.59
84 42 32.7
84 43 241.2
84 45 759.44
84 46 401.6
84 47 843.1
84 50 772.77
84 51 185.28
84 52 236.41
84 53 242.17
84 54 552.86
84 55 288.31
84 57 871.88
84 58 495.19
84 59 764.06
84 60 252.78
84 62 964.47
84 63 154.24
84 64 536.05
84 65 825.29
84 66 31.23
84 67 52.94
84 68 591.18
84 70 42.59
84 71 941.72
84 72 507.06
84 73 939.27
84 74 389.4
84 75 925.52
84 76 395.22
84 77 569.0
84 78 781.37
84 79 535.11
84 80 706.12
84 82 49.49
84 83 731.31
84 84 376.15
84 85 548.49
84 86 218.21
84 88 286.32
84 89 575.24
85 0 752.22
85 1 534.5
85 2 280.23
85 3 45.92
85 4 973.17
85 6 152.75
85 7 611.07
85 8 795.6
85 10 570.67
85 11 468.81
85 12 420.91
85 13 429.3
85 14 489.46
85 15 924.36
85 16 208.53
85 17 587.01
85 20 194.11
85 21 853.79
85 22 111.23
85 24 881.95
85 25 188.25
85 26 925.71
85 27 820.55
85 28 24.38
85 29 553.43
85 30 566.78
85 31 578.3
85 33 38.05
85 34 959.33
85 35 547.92
85 36 551.43
85 37 653.26
85 38 973.04
85 39 443.18
85 41 485.37
85 42 887.1
85 43 600.67
85 44 558.98
85 46 783.3
85 47 284.24
85 48 768.06
85 49 541.18
85 51 420.14
85 52 609.71
85 53 537.88
85 54 879.55
85 55 552.38
85 56 647.56
85 58 493.21
85 59 322.16
85 60 876.58
85 61 922.72
85 62 177.62
85 63 154.92
85 64 849.37
85 65 701.97
85 66 714.87
85 67 489.98
85 68 458.64
85 69 775.12
85 70 382.04
85 71 552.78
85 72 107.01
85 73 756.23
85 75 692.39
85 76 504.94
85 77 178.36
85 78 605.71
85 80 771.0
85 84 118.08
85 85 161.02
85 86 890.84
85 87 805.43
85 88 800.23
86 0 903.24
86 2 367.84
86 3 208.14
86 4 335.04
86 5 631.02
86 6 285.74
86 7 838.3
86 8 873.61
86 9 267.09
86 10 883.73
86 14 729.61
86 15 41.26
86 16 192.4
86 17 40.48
86 18 251.9
86 19 417.0
86 20 503.32
86 21 305.02
86 22 782.49
86 23 753.06
86 24 630.85
86 26 352.26
86 27 205.32
86 28 648.89
86 29 619.13
86 30 746.01
86 31 610.16
86 32 56.78
86 33 369.44
86 34 617.37
86 35 40.72
86 36 463.56
86 37 665.06
86 38 64.33
86 40 415.17
86 41 225.4
86 42 353.8
86 44 671.23
86 45 790.75
86 46 800.14
86 47 477.74
86 48 128.04
86 49 590.9
86 50 289.36
86 52 827.53
86 55 276.35
86 56 998.4
86 57 630.47
86 58 619.4
86 59 588.18
86 60 534.66
86 62 521.13
86 63 380.07
86 65 751.74
86 68 743.18
86 71 870.23
86 72 686.42
86 73 253.93
86 75 164.16
86 78 849.14
86 79 373.72
86 80 898.9
86 81 552.41
86 82 453.75
86 83 155.3
86 84 268.49
86 85 880.98
86 86 900.91
86 87 255.35
86 88 241.23
86 89 288.12
87 1 587.06
87 2 767.99
87 3 523.21
87 4 961.34
87 5 144.54
87 6 434.91
87 7 519.67
87 8 169.86
87 9 499.94
87 10 566.32
87 12 584.83
87 13 545.59
87 14 597.76
87 17 209.54
87 18 970.15
87 21 191.36
87 22 602.78
87 23 412.18
87 25 404.79
87 28 967.55
87 29 388.96
87 30 315.86
87 31 80.57
87 32 148.46
87 35 294.85
87 36 584.95
87 37 880.68
87 39 335.78
87 40 357.18
87 41 524.68
87 42 120.58
87 44 22.91
87 45 574.41
87 47 85.62
87 48 242.84
87 49 678.73
87 51 650.1
87 52 544.29
87 53 756.92
87 54 146.45
87 55 684.28
87 56 12.1
87 58 139.17
87 59 161.4
87 60 271.24
87 61 425.46
87 62 671.65
87 63 976.52
87 64 323.13
87 67 193.79
87 68 950.63
87 69 433.27
87 70 783.87
87 71 27.75
87 72 979.24
87 73 310.7
87 75 735.95
87 76 226.89
87 77 432.23
87 78 990.11
87 79 787.54
87 81 474.6
87 82 622.7
87 84 501.65
87 85 954.97
87 86 994.05
87 89 864.86
88 0 736.95
88 2 821.27
88 3 304.23
88 4 199.37
88 5 457.1
88 6 598.85
88 7 594.53
88 8 408.85
88 9 564.57
88 10 918.7
88 11 350.03
88 12 363.5
88 14 841.58
88 16 397.04
88 19 794.78
88 20 719.13
88 22 229.49
88 23 522.62
88 24 129.43
88 25 713.55
88 26 836.28
88 27 303.07
88 28 898.95
88 30 977.27
88 31 472.58
88 32 285.48
88 33 553.71
88 34 760.57
88 36 747.56
88 37 471.39
88 39 175.56
88 41 776.49
88 43 991.38
88 44 595.55
88 46 721.38
88 47 263.79
88 48 375.15
88 49 58.63
88 50 678.48
88 52 233.11
88 53 313.33
88 55 834.14
88 56 318.12
88 57 170.96
88 58 178.84
88 59 747.73
88 60 474.28
88 62 509.18
88 64 583.71
88 65 354.04
88 67 381.93
88 68 628.84
88 71 620.45
88 72 486.0
88 73 118.54
88 74 753.79
88 75 536.8
88 76 24.03
88 77 46.94
88 80 134.92
88 81 124.96
88 83 955.88
88 84 82.25
88 85 818.84
88 86 873.64
88 87 719.72
88 88 360.12
89 1 774.39
89 2 868.96
89 3 641.26
89 5 437.57
89 6 62.59
89 7 470.79
89 8 538.98
89 9 604.49
89 10 815.05
89 11 664.0
89 12 158.08
89 13 858.53
89 14 79.29
89 15 716.66
89 16 490.89
89 18 916.54
89 19 518.3
89 20 977.35
89 22 16.1
89 23 60.75
89 24 813.56
89 25 433.13
89 29 323.51
89 30 547.68
89 31 902.48
89 32 427.52
89 33 977.72
89 34 453.33
89 36 401.75
89 37 131.19
89 38 794.01
89 39 348.36
89 40 209.02
89 41 386.31
89 42 709.43
89 43 195.12
89 44 810.55
89 45 654.84
89 47 153.46
89 50 781.9
89 52 648.0
89 53 495.33
89 55 752.42
89 56 171.5
89 58 588.81
89 59 63.24
89 60 259.82
89 61 968.43
89 62 302.68
89 63 887.71
89 64 558.87
89 65 290.1
89 66 429.05
89 67 874.17
89 68 170.26
89 69 167.94
89 70 116.16
89 72 249.93
89 74 633.91
89 75 925.96
89 77 138.81
89 79 163.85
89 80 889.49
89 81 894.47
89 82 281.75
89 83 235.38
89 84 167.66
89 86 737.67
89 87 585.53
89 88 523.08
89 89 235.48
