0 0 855.91
0 1 922.5
0 2 981.7
0 3 619.58
0 4 11.08
0 5 305.21
0 7 535.64
0 8 402.33
0 9 995.8
0 11 924.54
0 12 312.75
0 14 658.3
0 15 902.65
0 16 318.05
0 18 635.49
0 19 364.82
0 20 673.51
0 21 586.89
0 22 999.12
0 23 311.97
0 24 307.35
0 25 631.52
0 28 584.41
0 30 501.4
0 31 943.82
0 32 293.72
0 34 279.95
0 35 578.7
0 36 615.82
0 37 150.59
0 38 854.72
0 39 918.1
0 41 267.44
0 42 799.68
0 43 349.19
0 44 445.93
0 45 781.54
0 46 352.77
0 47 300.83
0 48 611.89
0 49 356.3
0 50 377.66
0 52 164.12
0 53 324.99
0 54 452.49
0 55 513.67
0 56 481.0
0 57 449.3
0 58 202.86
0 59 380.29
0 60 410.46
0 61 476.62
0 62 235.42
0 63 651.93
0 64 711.71
0 66 437.6
0 68 524.98
0 70 637.46
0 72 84.39
0 73 685.07
0 74 658.34
0 75 175.15
0 76 278.12
0 77 182.46
1 1 610.49
1 2 889.28
1 3 554.3
1 4 698.32
1 5 499.91
1 6 496.68
1 9 480.02
1 10 365.2
1 11 25.23
1 12 760.21
1 14 279.7
1 15 256.29
1 17 226.39
1 19 876.15
1 20 687.09
1 21 582.93
1 22 965.19
1 23 792.72
1 24 717.17
1 26 144.45
1 28 281.17
1 29 296.12
1 30 107.62
1 31 137.04
1 32 129.99
1 33 892.85
1 34 168.08
1 35 594.62
1 36 460.64
1 37 945.89
1 38 250.4
1 39 769.19
1 40 226.87
1 41 556.25
1 42 585.34
1 43 844.34
1 44 738.12
1 45 807.02
1 46 957.03
1 47 59.62
1 48 486.74
1 50 491.71
1 52 454.95
1 54 598.03
1 55 26.87
1 56 830.16
1 57 391.79
1 58 949.88
1 59 859.03
1 60 730.96
1 61 971.78
1 62 551.49
1 63 155.36
1 64 62.51
1 65 476.88
1 66 877.97
1 67 643.74
1 68 634.87
1 69 689.38
1 71 107.34
1 74 514.51
1 75 989.37
1 76 754.02
1 77 638.42
2 1 947.58
2 2 164.86
2 4 789.07
2 6 451.06
2 7 794.37
2 8 4.16
2 10 952.07
2 11 518.25
2 12 551.38
2 13 660.96
2 14 859.72
2 15 715.0
2 17 419.96
2 18 235.63
2 20 9.94
2 21 19.08
2 23 253.58
2 24 909.84
2 25 754.24
2 27 740.21
2 28 857.13
2 29 743.1
2 30 306.68
2 32 586.68
2 33 250.53
2 34 990.87
2 35 92.51
2 36 15.53
2 37 994.66
2 38 357.57
2 41 51.21
2 42 626.1
2 44 646.24
2 45 847.45
2 46 408.08
2 47 729.62
2 49 759.38
2 50 438.03
2 51 618.98
2 52 776.15
2 56 45.01
2 58 376.55
2 59 199.87
2 60 564.52
2 61 133.44
2 62 936.83
2 63 861.18
2 64 189.13
2 65 942.85
2 67 967.81
2 68 862.02
2 70 400.49
2 71 519.9
2 72 225.03
2 73 879.59
2 74 892.99
2 75 617.89
2 77 930.62
3 0 860.72
3 1 327.19
3 2 988.07
3 3 373.99
3 4 530.58
3 5 304.85
3 6 686.86
3 7 677.65
3 9 158.78
3 10 865.49
3 12 803.3
3 13 380.65
3 14 532.16
3 15 312.53
3 16 864.0
3 17 249.53
3 18 926.62
3 19 668.36
3 20 91.15
3 21 903.88
3 22 689.2
3 23 465.41
3 25 944.55
3 26 46.81
3 28 904.09
3 29 794.35
3 30 445.44
3 31 366.36
3 32 785.22
3 34 512.08
3 35 327.25
3 37 462.81
3 38 546.61
3 40 215.82
3 41 978.72
3 42 738.1
3 43 358.5
3 45 532.72
3 46 243.13
3 47 487.04
3 49 372.33
3 50 854.23
3 51 445.43
3 53 306.4
3 54 207.99
3 55 80.83
3 56 298.38
3 57 462.61
3 58 308.48
3 59 235.78
3 60 893.51
3 61 683.42
3 62 467.34
3 64 784.79
3 65 603.17
3 66 341.69
3 67 987.32
3 70 235.74
3 71 309.24
3 72 599.95
3 73 188.48
3 75 280.42
3 76 348.15
4 1 557.41
4 2 847.0
4 3 505.17
4 5 919.23
4 7 324.81
4 8 399.86
4 9 778.06
4 10 546.66
4 11 519.34
4 12 491.38
4 14 335.85
4 15 694.4
4 16 688.12
4 17 273.98
4 18 257.25
4 19 567.21
4 21 528.37
4 23 26.44
4 24 964.98
4 25 712.58
4 26 492.3
4 28 990.07
4 31 57.05
4 32 836.83
4 33 837.81
4 34 596.71
4 35 160.32
4 36 888.7
4 38 291.28
4 39 361.02
4 40 335.14
4 41 875.43
4 42 174.14
4 43 547.15
4 45 309.93
4 46 911.96
4 47 181.02
4 48 962.23
4 49 660.42
4 50 581.7
4 52 402.98
4 54 570.6
4 57 529.92
4 58 782.98
4 60 703.92
4 61 624.17
4 63 734.8
4 64 219.23
4 65 963.41
4 66 46.24
4 67 771.3
4 69 522.6
4 70 69.02
4 71 951.0
4 72 448.11
4 73 218.65
4 74 86.19
4 75 606.25
4 76 981.84
4 77 669.66
5 1 490.36
5 2 289.79
5 3 978.9
5 4 632.83
5 5 191.26
5 9 741.04
5 10 86.66
5 12 745.31
5 13 598.99
5 14 589.34
5 17 312.74
5 18 239.96
5 20 277.67
5 22 276.33
5 23 489.93
5 24 537.33
5 25 753.23
5 26 138.83
5 27 686.57
5 28 665.65
5 29 360.68
5 30 702.03
5 31 541.36
5 32 656.91
5 33 649.14
5 36 513.84
5 37 53.03
5 38 686.26
5 39 692.07
5 40 76.85
5 41 354.64
5 42 932.42
5 43 447.65
5 45 477.54
5 46 101.17
5 47 449.22
5 48 862.94
5 49 35.66
5 50 903.65
5 51 324.38
5 52 25.01
5 53 505.54
5 56 467.64
5 57 408.62
5 59 439.73
5 60 330.28
5 61 313.75
5 62 846.92
5 64 552.88
5 65 757.91
5 66 458.86
5 67 767.07
5 68 758.02
5 69 403.02
5 70 333.29
5 71 66.25
5 72 529.8
5 73 929.81
5 74 982.03
5 76 241.75
5 77 898.56
6 1 573.95
6 3 196.73
6 4 5.21
6 5 394.64
6 6 746.26
6 7 888.82
6 8 438.07
6 10 959.38
6 11 997.0
6 12 517.44
6 13 993.77
6 14 354.85
6 16 804.29
6 18 834.83
6 20 332.99
6 21 8.2
6 22 49.17
6 23 773.93
6 24 992.66
6 25 858.08
6 27 419.95
6 29 284.01
6 30 982.07
6 31 674.66
6 33 690.08
6 34 381.05
6 35 815.61
6 38 7.77
6 39 541.13
6 40 219.87
6 41 532.76
6 42 204.47
6 43 64.25
6 44 533.05
6 45 36.18
6 47 404.58
6 48 554.71
6 49 363.25
6 52 282.47
6 54 934.54
6 56 186.4
6 58 441.78
6 60 712.07
6 61 439.93
6 62 242.45
6 63 402.0
6 64 988.92
6 65 991.79
6 66 420.82
6 67 171.94
6 68 229.75
6 69 758.13
6 70 876.8
6 71 678.43
6 72 43.77
6 73 728.47
6 74 167.11
6 76 724.2
7 0 573.87
7 1 562.36
7 2 359.79
7 3 85.55
7 4 579.71
7 5 258.06
7 6 380.44
7 7 814.51
7 8 920.9
7 9 617.2
7 10 884.31
7 11 388.03
7 12 179.41
7 14 891.75
7 15 671.92
7 17 376.64
7 18 206.51
7 19 988.08
7 20 156.98
7 21 703.43
7 22 909.6
7 23 26.76
7 24 108.74
7 25 769.33
7 26 712.65
7 27 830.91
7 28 754.02
7 29 833.99
7 31 652.2
7 33 518.94
7 34 97.78
7 35 634.76
7 36 982.7
7 37 495.82
7 38 414.96
7 39 533.05
7 40 294.52
7 41 384.39
7 42 765.54
7 43 976.17
7 44 402.27
7 45 336.31
7 46 276.52
7 47 469.84
7 48 10.7
7 49 303.93
7 50 242.47
7 52 617.34
7 54 39.31
7 55 602.39
7 58 671.43
7 59 173.75
7 60 681.79
7 61 84.18
7 62 736.64
7 63 194.68
7 64 45.37
7 66 360.66
7 67 962.66
7 68 143.93
7 70 938.54
7 71 984.23
7 72 507.39
7 73 102.78
7 74 770.76
7 76 487.29
7 77 467.64
8 0 339.93
8 2 180.82
8 3 237.28
8 5 174.66
8 6 72.05
8 8 310.42
8 9 983.63
8 10 55.15
8 11 891.87
8 12 958.32
8 14 330.99
8 15 293.87
8 16 820.58
8 17 116.43
8 18 640.35
8 19 16.72
8 20 58.81
8 21 965.65
8 22 569.11
8 23 663.27
8 25 768.6
8 26 914.77
8 27 510.67
8 28 483.92
8 29 83.18
8 30 282.98
8 31 791.81
8 32 149.42
8 33 668.63
8 34 688.58
8 35 355.3
8 37 813.08
8 38 782.67
8 39 494.03
8 40 615.4
8 42 621.35
8 43 935.03
8 44 952.67
8 45 721.46
8 46 848.29
8 47 923.13
8 48 942.26
8 51 347.91
8 52 790.75
8 53 181.4
8 54 682.79
8 57 456.9
8 58 272.52
8 59 77.18
8 61 642.48
8 62 963.55
8 63 541.84
8 64 930.26
8 65 94.86
8 66 239.75
8 67 561.72
8 68 920.73
8 69 619.12
8 70 238.38
8 71 722.87
8 73 753.66
8 76 450.33
8 77 989.47
9 0 698.29
9 2 208.12
9 3 26.56
9 4 324.45
9 5 878.23
9 6 193.18
9 8 633.64
9 9 378.27
9 10 834.2
9 11 424.91
9 13 977.65
9 14 684.12
9 15 891.77
9 16 352.38
9 17 836.99
9 18 996.08
9 19 537.58
9 20 307.11
9 21 755.89
9 22 142.81
9 23 52.86
9 24 961.43
9 27 217.02
9 28 565.19
9 30 4.11
9 31 68.38
9 32 506.85
9 33 111.41
9 34 752.28
9 35 584.35
9 37 977.71
9 38 186.76
9 39 585.09
9 41 331.75
9 42 719.66
9 43 672.44
9 44 806.29
9 45 487.33
9 46 130.18
9 47 382.73
9 49 434.41
9 50 540.42
9 51 425.77
9 52 735.89
9 53 991.2
9 56 858.25
9 57 743.3
9 58 977.52
9 60 174.22
9 61 522.77
9 62 813.06
9 63 442.95
9 64 604.39
9 65 92.41
9 66 834.58
9 67 117.29
9 68 711.53
9 69 274.16
9 70 778.49
9 71 678.37
9 72 780.78
9 73 324.42
9 74 900.42
9 76 439.23
9 77 441.43
10 0 771.34
10 1 928.66
10 2 925.88
10 3 922.22
10 4 661.18
10 5 346.95
10 6 209.44
10 7 762.76
10 8 558.56
10 9 832.55
10 10 863.79
10 11 535.62
10 12 285.75
10 14 174.38
10 16 602.07
10 18 884.93
10 19 145.19
10 20 465.08
10 21 143.66
10 22 685.4
10 25 443.48
10 26 755.09
10 27 408.61
10 28 904.4
10 30 409.43
10 31 989.79
10 32 397.29
10 33 70.24
10 34 28.04
10 36 842.38
10 38 157.94
10 39 905.03
10 40 691.45
10 41 141.73
10 42 335.3
10 43 592.55
10 45 833.12
10 47 244.32
10 50 33.57
10 51 631.54
10 52 52.81
10 53 980.91
10 54 422.29
10 55 135.56
10 56 208.45
10 58 853.3
10 59 53.15
10 60 505.8
10 61 899.01
10 62 570.74
10 64 366.15
10 67 156.19
10 69 410.73
10 70 419.69
10 71 681.69
10 73 412.26
10 74 115.82
10 75 225.06
10 76 524.75
10 77 914.35
11 0 332.86
11 1 749.79
11 2 537.4
11 3 542.95
11 4 268.54
11 5 848.3
11 7 788.08
11 8 459.69
11 9 414.18
11 10 672.53
11 11 230.74
11 12 581.43
11 13 135.36
11 14 285.92
11 15 307.58
11 16 657.26
11 17 106.33
11 18 946.74
11 20 659.91
11 21 339.11
11 22 848.75
11 24 939.87
11 26 134.39
11 27 180.84
11 28 613.21
11 29 605.43
11 31 532.96
11 32 467.9
11 33 77.08
11 36 218.9
11 37 903.82
11 38 821.0
11 39 639.55
11 41 458.04
11 42 166.86
11 43 806.02
11 44 686.02
11 45 554.23
11 46 487.17
11 47 811.72
11 50 383.09
11 51 156.18
11 52 61.34
11 53 695.24
11 54 109.1
11 55 71.15
11 56 158.66
11 57 514.71
11 59 382.81
11 60 768.44
11 61 331.34
11 62 33.69
11 64 806.84
11 66 641.05
11 69 456.74
11 71 252.71
11 72 320.09
11 73 441.65
11 74 535.79
11 75 654.2
11 76 957.96
11 77 550.01
12 1 497.73
12 3 439.23
12 4 107.35
12 7 445.57
12 9 697.02
12 10 962.93
12 11 89.87
12 13 551.89
12 14 576.55
12 15 522.9
12 16 242.52
12 21 249.1
12 22 273.01
12 23 580.01
12 24 423.75
12 27 277.69
12 28 898.85
12 30 890.74
12 31 166.6
12 32 10.38
12 33 385.21
12 35 434.62
12 36 753.06
12 37 497.95
12 39 338.17
12 40 558.57
12 41 679.75
12 42 476.49
12 43 739.91
12 44 887.31
12 45 984.69
12 46 964.18
12 47 763.04
12 48 408.25
12 49 778.55
12 50 959.7
12 51 126.94
12 52 972.29
12 54 484.4
12 55 911.08
12 56 928.8
12 57 550.48
12 59 917.83
12 60 15.4
12 61 631.8
12 63 173.06
12 65 708.04
12 66 287.76
12 67 859.29
12 68 193.66
12 69 747.16
12 70 349.1
12 71 241.38
12 72 775.08
12 73 323.63
12 74 519.78
12 75 770.81
12 76 729.71
12 77 797.06
13 0 11.86
13 1 465.82
13 2 756.66
13 3 102.48
13 4 634.82
13 5 450.19
13 6 156.86
13 7 984.57
13 8 714.81
13 9 395.62
13 11 463.75
13 13 564.02
13 15 53.38
13 17 157.68
13 18 401.46
13 20 312.12
13 21 616.58
13 23 357.73
13 25 647.86
13 28 823.24
13 29 417.78
13 30 154.13
13 33 490.44
13 34 331.08
13 35 852.78
13 36 536.87
13 37 447.09
13 38 780.63
13 39 842.58
13 40 11.41
13 41 6.85
13 43 882.26
13 44 73.12
13 45 802.31
13 46 728.23
13 47 222.52
13 49 774.49
13 50 617.32
13 51 598.6
13 52 884.58
13 53 515.28
13 54 113.82
13 55 190.41
13 56 193.48
13 57 34.12
13 58 642.35
13 59 328.12
13 60 985.69
13 61 693.24
13 62 700.7
13 63 726.51
13 64 975.65
13 65 424.08
13 66 298.31
13 67 694.4
13 68 261.51
13 69 22.63
13 70 11.61
13 71 834.04
13 72 90.99
13 73 69.65
14 0 145.51
14 1 87.72
14 3 769.51
14 4 940.84
14 6 647.64
14 8 791.0
14 9 982.64
14 10 474.57
14 11 299.51
14 12 963.64
14 13 992.69
14 14 359.52
14 15 551.13
14 16 939.54
14 17 864.77
14 18 90.37
14 19 882.71
14 20 445.36
14 21 852.31
14 22 702.2
14 23 120.82
14 24 874.93
14 25 990.09
14 28 426.78
14 29 39.68
14 30 316.71
14 31 640.79
14 33 719.07
14 35 749.18
14 36 100.81
14 37 544.31
14 38 84.98
14 39 341.63
14 40 140.76
14 41 464.09
14 42 796.79
14 43 730.03
14 44 446.49
14 45 663.97
14 46 443.0
14 48 527.88
14 49 301.62
14 50 210.78
14 52 366.98
14 54 673.53
14 56 98.37
14 57 412.88
14 58 733.92
14 59 379.46
14 60 249.43
14 61 134.51
14 62 485.36
14 63 290.64
14 64 627.97
14 65 453.56
14 66 292.74
14 67 764.46
14 68 697.86
14 69 872.76
14 71 477.07
14 72 458.91
14 73 938.28
14 74 364.62
14 75 741.97
14 76 535.41
14 77 625.84
15 0 434.89
15 1 898.6
15 2 249.62
15 4 16.72
15 5 301.43
15 6 252.2
15 7 86.73
15 8 361.38
15 9 877.49
15 10 217.12
15 11 256.58
15 12 46.6
15 13 185.98
15 14 337.89
15 15 769.78
15 16 130.64
15 17 504.97
15 18 780.68
15 19 330.52
15 20 822.5
15 21 991.18
15 24 816.69
15 25 90.42
15 26 902.93
15 28 124.33
15 31 674.0
15 32 796.07
15 33 446.07
15 36 438.98
15 37 248.59
15 38 184.28
15 39 520.38
15 40 60.1
15 41 692.07
15 43 770.79
15 44 604.44
15 45 473.62
15 46 868.83
15 47 945.91
15 49 167.75
15 50 687.66
15 52 402.85
15 53 866.12
15 54 100.09
15 56 468.61
15 57 386.27
15 59 582.57
15 60 623.19
15 61 227.14
15 62 16.59
15 63 910.53
15 64 706.15
15 65 798.4
15 66 741.1
15 67 68.64
15 68 9.39
15 69 433.55
15 71 855.05
15 72 306.8
15 75 631.63
15 77 630.95
16 1 749.28
16 2 740.0
16 3 859.4
16 4 52.25
16 6 188.72
16 7 716.65
16 9 132.45
16 14 57.69
16 15 948.33
16 16 887.3
16 18 774.47
16 19 236.09
16 20 793.53
16 22 396.83
16 24 346.34
16 28 117.75
16 29 808.86
16 30 348.13
16 31 379.79
16 33 170.12
16 34 704.16
16 35 406.32
16 36 616.96
16 39 85.92
16 42 677.24
16 43 73.48
16 44 754.75
16 45 595.79
16 46 354.93
16 47 859.22
16 49 460.33
16 50 326.86
16 51 293.11
16 52 62.59
16 53 779.06
16 55 69.02
16 57 88.27
16 59 426.32
16 60 508.96
16 61 459.77
16 62 951.84
16 63 399.99
16 64 491.96
16 65 706.26
16 66 728.79
16 67 568.07
16 68 841.33
16 69 307.22
16 70 991.17
16 72 492.57
16 74 819.86
16 75 588.93
16 76 751.43
16 77 448.29
17 0 705.29
17 1 85.17
17 2 697.61
17 3 11.18
17 4 485.05
17 5 59.11
17 7 142.66
17 8 293.6
17 9 954.86
17 10 300.06
17 12 348.57
17 13 694.3
17 14 249.81
17 16 941.92
17 18 690.54
17 19 527.24
17 20 334.49
17 21 408.33
17 22 295.06
17 23 702.56
17 24 521.92
17 25 519.37
17 26 854.3
17 27 146.16
17 28 404.72
17 29 844.59
17 30 797.24
17 31 919.26
17 34 642.73
17 35 383.35
17 36 26.09
17 37 813.87
17 38 829.03
17 39 257.53
17 40 422.44
17 42 232.12
17 45 215.95
17 46 715.41
17 47 282.31
17 48 38.0
17 49 40.69
17 50 685.94
17 51 555.89
17 52 481.24
17 53 40.88
17 54 873.31
17 55 392.74
17 56 144.87
17 57 914.37
17 58 512.4
17 60 889.39
17 61 225.19
17 62 548.38
17 63 125.32
17 64 818.6
17 65 847.59
17 66 392.08
17 68 577.29
17 69 358.96
17 70 231.8
17 72 993.91
17 73 82.24
17 74 520.74
17 75 803.43
17 76 805.53
18 0 259.21
18 1 219.68
18 2 100.23
18 3 500.28
18 4 89.27
18 5 734.52
18 6 665.57
18 9 765.53
18 11 469.82
18 12 991.65
18 13 633.86
18 14 982.83
18 15 633.97
18 16 63.97
18 17 581.4
18 18 909.97
18 20 60.54
18 21 845.08
18 22 972.51
18 23 490.77
18 24 152.45
18 25 154.12
18 26 193.04
18 27 62.93
18 30 986.22
18 31 118.9
18 33 936.72
18 34 789.41
18 35 75.97
18 36 272.21
18 37 628.96
18 38 545.06
18 40 168.34
18 41 821.64
18 43 975.94
18 44 648.94
18 45 445.61
18 46 748.59
18 47 18.43
18 48 479.47
18 49 987.55
18 50 953.31
18 51 737.25
18 52 538.43
18 53 470.02
18 55 840.6
18 56 953.65
18 57 574.82
18 58 867.12
18 59 683.97
18 60 721.23
18 61 46.16
18 62 424.6
18 65 941.84
18 66 142.96
18 67 937.02
18 68 56.19
18 70 914.33
18 71 54.41
18 72 373.67
18 73 15.61
18 74 210.38
18 75 236.35
18 76 892.74
18 77 532.62
19 0 545.97
19 1 397.24
19 2 456.1
19 3 933.81
19 4 960.44
19 6 111.03
19 7 855.61
19 8 186.24
19 9 191.23
19 10 187.54
19 12 662.17
19 13 815.02
19 15 14.43
19 16 453.02
19 18 508.32
19 19 258.7
19 20 918.68
19 21 168.71
19 22 992.2
19 23 115.39
19 24 690.12
19 25 695.71
19 26 232.93
19 28 834.73
19 29 239.6
19 30 646.81
19 31 381.77
19 32 103.52
19 34 236.33
19 35 980.84
19 36 59.64
19 37 570.82
19 38 827.28
19 39 185.76
19 40 872.11
19 42 865.79
19 44 289.72
19 45 938.02
19 46 646.07
19 47 925.6
19 48 284.36
19 50 551.08
19 51 559.17
19 52 41.83
19 53 450.39
19 54 88.6
19 55 50.47
19 59 740.99
19 61 682.07
19 62 444.55
19 63 284.81
19 64 345.55
19 65 304.86
19 66 42.62
19 68 983.23
19 69 384.92
19 70 769.24
19 71 958.01
19 73 453.04
19 74 992.84
19 77 830.94
20 0 159.38
20 3 803.42
20 4 95.04
20 5 253.07
20 6 405.5
20 7 312.59
20 8 856.86
20 9 359.73
20 10 776.33
20 11 475.96
20 12 776.26
20 13 280.69
20 15 498.07
20 16 601.14
20 17 707.18
20 18 190.39
20 19 637.13
20 20 128.76
20 21 649.14
20 24 83.85
20 25 957.34
20 26 540.52
20 27 953.2
20 29 38.8
20 30 190.06
20 31 519.02
20 32 372.65
20 33 840.36
20 34 144.33
20 35 83.23
20 36 304.49
20 38 517.27
20 39 459.73
20 40 643.14
20 41 151.71
20 42 193.86
20 44 824.62
20 46 198.21
20 49 77.63
20 51 180.09
20 52 771.59
20 53 709.31
20 54 454.61
20 55 615.1
20 56 714.25
20 57 198.8
20 58 621.59
20 59 361.49
20 60 653.2
20 61 796.57
20 62 327.78
20 63 671.97
20 64 581.36
20 65 637.24
20 66 586.43
20 67 941.65
20 69 765.33
20 71 869.73
20 72 390.18
20 73 467.45
20 74 379.75
20 75 80.99
20 76 260.36
21 0 452.12
21 1 942.51
21 2 581.36
21 3 77.66
21 4 952.24
21 5 694.26
21 6 400.7
21 8 40.25
21 9 879.76
21 10 559.28
21 11 845.51
21 14 608.39
21 15 220.75
21 16 845.06
21 19 579.49
21 20 499.52
21 22 817.12
21 23 707.23
21 24 526.95
21 25 696.05
21 26 444.74
21 29 115.9
21 30 490.72
21 31 420.1
21 33 96.02
21 34 484.28
21 35 483.26
21 36 869.19
21 38 106.58
21 39 65.07
21 40 538.42
21 41 271.34
21 42 695.23
21 43 142.64
21 44 603.52
21 45 301.76
21 46 556.79
21 47 899.44
21 48 769.64
21 49 972.05
21 50 178.04
21 53 440.78
21 54 701.77
21 55 128.29
21 56 268.89
21 57 16.85
21 58 100.89
21 59 139.33
21 60 327.42
21 61 840.57
21 62 496.12
21 64 906.64
21 65 543.74
21 66 340.62
21 67 117.72
21 68 860.87
21 70 933.99
21 71 926.01
21 72 448.26
21 73 909.87
21 74 607.52
21 75 567.32
22 1 785.94
22 2 441.29
22 3 269.13
22 4 562.07
22 5 82.12
22 8 82.08
22 10 542.33
22 12 237.82
22 15 237.97
22 18 401.09
22 19 24.67
22 20 7.68
22 21 40.09
22 22 300.65
22 23 418.09
22 24 243.94
22 26 971.22
22 28 268.41
22 29 261.34
22 30 851.51
22 32 902.26
22 33 346.38
22 34 868.13
22 35 477.54
22 38 200.0
22 39 737.95
22 40 633.78
22 41 563.45
22 43 942.16
22 44 347.59
22 45 889.2
22 46 687.22
22 47 831.55
22 49 259.54
22 51 415.1
22 53 965.84
22 54 452.74
22 55 360.71
22 56 140.43
22 57 750.68
22 58 136.91
22 60 371.4
22 61 72.31
22 62 640.98
22 63 599.87
22 64 585.82
22 65 184.12
22 69 49.58
22 70 7.79
22 71 93.81
22 73 735.02
22 74 543.37
22 75 92.26
22 77 346.86
23 0 862.32
23 2 683.68
23 3 473.1
23 5 682.64
23 6 395.26
23 7 403.96
23 9 439.38
23 10 669.43
23 12 33.14
23 13 957.52
23 14 422.1
23 16 72.71
23 17 672.47
23 18 258.41
23 19 901.45
23 20 309.1
23 21 579.36
23 22 152.23
23 23 806.72
23 25 550.94
23 26 141.07
23 27 518.53
23 28 317.26
23 31 101.72
23 32 579.26
23 35 733.89
23 36 146.91
23 37 191.38
23 38 562.4
23 39 406.48
23 40 938.96
23 43 445.7
23 44 587.17
23 45 445.45
23 46 137.52
23 47 687.48
23 48 566.98
23 49 931.62
23 50 571.4
23 52 38.56
23 53 176.84
23 54 467.67
23 55 728.17
23 56 769.98
23 59 410.4
23 60 485.26
23 61 666.74
23 62 617.75
23 64 464.66
23 66 52.51
23 67 201.88
23 68 957.55
23 69 289.17
23 70 929.35
23 71 408.85
23 72 742.84
23 73 856.43
23 74 649.2
23 75 208.01
23 76 345.44
23 77 262.55
24 0 641.97
24 1 115.73
24 3 456.8
24 4 838.35
24 5 604.87
24 6 818.13
24 7 58.0
24 8 128.28
24 9 447.0
24 10 24.27
24 12 953.61
24 13 474.57
24 14 694.4
24 15 756.89
24 16 255.78
24 17 280.6
24 18 200.47
24 19 769.94
24 20 334.62
24 21 592.52
24 22 960.43
24 23 388.36
24 24 474.07
24 25 409.65
24 26 618.86
24 28 164.91
24 29 723.04
24 30 59.38
24 31 462.97
24 32 909.82
24 33 276.47
24 34 813.78
24 35 708.73
24 36 452.01
24 37 712.22
24 39 626.55
24 40 146.69
24 41 620.81
24 42 471.56
24 43 948.19
24 44 468.63
24 48 254.81
24 49 774.67
24 50 983.61
24 51 870.87
24 52 384.79
24 53 869.34
24 54 446.97
24 56 854.1
24 57 357.79
24 58 313.55
24 59 889.8
24 60 714.06
24 61 557.48
24 62 216.35
24 63 461.0
24 65 208.86
24 66 635.82
24 68 833.43
24 69 447.86
24 70 506.86
24 71 209.28
24 72 821.41
24 73 945.4
24 74 158.51
24 75 678.83
24 76 50.46
24 77 535.62
25 1 406.48
25 2 159.9
25 4 249.27
25 5 34.4
25 6 732.53
25 7 592.26
25 8 145.39
25 9 351.61
25 10 778.04
25 11 726.28
25 13 552.1
25 14 310.0
25 15 768.97
25 16 72.87
25 17 894.63
25 18 337.63
25 19 633.43
25 20 742.73
25 22 514.05
25 23 235.56
25 24 587.71
25 25 734.93
25 26 731.23
25 27 94.01
25 28 173.56
25 29 356.92
25 31 584.45
25 32 182.02
25 33 179.4
25 34 407.68
25 35 596.45
25 36 613.77
25 37 340.66
25 38 561.45
25 40 539.41
25 41 523.69
25 42 698.52
25 43 323.49
25 44 832.51
25 45 425.62
25 46 558.48
25 47 398.33
25 48 316.09
25 49 677.57
25 50 451.31
25 51 881.69
25 52 179.96
25 53 112.36
25 54 76.34
25 55 129.23
25 56 280.61
25 57 888.65
25 58 580.19
25 59 976.13
25 60 635.63
25 61 888.11
25 62 241.72
25 63 736.1
25 64 179.43
25 65 885.21
25 66 805.5
25 67 314.2
25 70 825.56
25 71 879.5
25 73 266.47
25 74 865.6
25 75 396.24
25 77 171.67
26 0 935.93
26 1 463.24
26 2 854.27
26 3 683.25
26 4 962.37
26 5 258.02
26 6 262.98
26 7 958.98
26 8 261.74
26 9 682.97
26 10 316.97
26 11 213.66
26 12 113.74
26 13 952.73
26 14 963.04
26 15 729.91
26 16 706.13
26 17 194.32
26 18 662.3
26 19 883.91
26 20 985.01
26 21 927.76
26 22 746.72
26 23 163.08
26 24 806.65
26 26 943.56
26 27 300.32
26 29 404.37
26 30 738.73
26 31 419.61
26 32 244.37
26 33 348.04
26 34 28.85
26 35 814.16
26 37 999.09
26 38 499.43
26 40 796.91
26 41 718.08
26 44 110.58
26 45 759.08
26 46 845.44
26 47 328.51
26 48 946.86
26 49 758.83
26 50 824.2
26 51 491.02
26 52 616.87
26 53 891.13
26 54 551.04
26 55 832.1
26 56 667.31
26 57 412.73
26 58 595.95
26 59 7.18
26 60 765.97
26 61 432.06
26 62 364.1
26 63 150.18
26 64 365.14
26 66 964.27
26 69 573.22
26 71 66.96
26 72 761.01
26 74 73.71
26 75 351.75
26 77 223.5
27 0 650.39
27 1 759.04
27 2 391.31
27 3 70.69
27 4 131.77
27 5 154.64
27 7 25.53
27 8 657.26
27 9 786.31
27 10 327.03
27 11 205.69
27 13 489.0
27 14 151.1
27 15 632.24
27 16 582.47
27 17 124.54
27 18 133.63
27 20 587.26
27 21 250.64
27 22 397.89
27 24 658.19
27 25 866.4
27 26 968.23
27 27 407.4
27 28 743.63
27 30 21.36
27 32 136.91
27 33 228.61
27 36 490.82
27 37 848.64
27 38 474.31
27 39 642.92
27 40 285.81
27 41 493.95
27 42 510.2
27 43 590.12
27 45 610.52
27 46 87.87
27 48 829.35
27 49 637.77
27 50 960.94
27 51 931.14
27 52 912.67
27 54 986.87
27 55 16.85
27 58 149.39
27 59 429.45
27 60 406.51
27 61 613.55
27 62 336.5
27 63 139.77
27 64 258.97
27 65 165.71
27 66 340.68
27 67 785.15
27 69 954.61
27 70 891.83
27 72 674.54
27 73 63.64
27 74 680.38
27 75 914.49
27 76 829.21
28 0 417.68
28 1 665.14
28 2 177.37
28 3 210.47
28 4 395.32
28 5 897.86
28 6 452.07
28 9 900.62
28 10 244.69
28 11 416.07
28 12 723.97
28 13 713.29
28 15 244.68
28 16 567.28
28 17 820.45
28 18 597.34
28 19 28.22
28 20 37.21
28 22 87.05
28 23 126.25
28 24 706.66
28 25 746.48
28 26 828.48
28 27 605.1
28 28 212.35
28 29 177.27
28 30 82.75
28 31 7.5
28 33 809.28
28 34 105.85
28 35 156.49
28 36 740.59
28 37 828.1
28 38 181.02
28 39 762.91
28 40 829.72
28 41 364.91
28 44 764.12
28 45 404.5
28 46 285.87
28 47 846.22
28 49 272.72
28 51 200.36
28 53 521.33
28 54 331.14
28 57 591.74
28 58 594.82
28 59 706.99
28 60 119.87
28 63 326.52
28 64 673.17
28 65 259.76
28 66 245.57
28 67 854.4
28 68 981.88
28 70 201.46
28 71 931.63
28 72 480.35
28 73 868.99
28 74 121.3
28 75 178.44
28 76 951.25
28 77 484.72
29 0 853.34
29 3 953.99
29 4 21.1
29 5 68.78
29 6 781.41
29 8 126.9
29 9 725.33
29 11 300.71
29 12 253.91
29 13 835.5
29 15 52.84
29 18 40.68
29 19 228.31
29 20 519.36
29 21 720.96
29 22 862.6
29 23 939.02
29 24 745.86
29 25 194.17
29 26 636.26
29 27 845.74
29 28 328.74
29 29 418.94
29 30 945.95
29 31 134.91
29 32 800.22
29 33 983.58
29 35 271.92
29 36 255.46
29 37 136.76
29 39 894.99
29 41 101.49
29 42 25.45
29 43 453.55
29 44 950.05
29 45 575.5
29 46 280.6
29 47 656.93
29 48 656.56
29 49 380.58
29 50 203.07
29 51 322.64
29 53 487.41
29 54 146.24
29 55 844.09
29 56 143.07
29 57 234.11
29 58 111.38
29 60 461.43
29 61 113.52
29 62 349.15
29 63 64.96
29 64 33.79
29 65 353.57
29 66 381.98
29 67 169.26
29 68 797.5
29 69 627.81
29 70 748.99
29 71 279.11
29 73 257.51
29 74 151.03
29 75 682.64
29 76 761.48
30 0 307.23
30 1 323.1
30 2 694.49
30 3 898.95
30 5 143.75
30 6 640.76
30 7 308.96
30 8 104.39
30 9 424.38
30 10 130.36
30 11 412.85
30 12 717.47
30 13 588.76
30 14 152.91
30 15 262.73
30 16 94.9
30 17 574.45
30 20 959.44
30 21 864.81
30 22 531.29
30 23 453.72
30 24 369.93
30 25 21.45
30 26 654.98
30 27 478.88
30 28 810.81
30 29 153.35
30 30 292.72
30 31 509.25
30 32 864.56
30 33 645.73
30 34 579.94
30 35 753.3
30 36 533.7
30 37 416.83
30 39 73.31
30 40 503.11
30 41 955.01
30 43 176.19
30 44 199.71
30 45 500.48
30 46 477.09
30 47 724.03
30 49 519.8
30 50 537.93
30 51 141.2
30 52 514.48
30 54 330.27
30 55 644.53
30 56 884.38
30 57 272.34
30 58 561.16
30 59 693.17
30 61 527.67
30 62 829.81
30 63 114.1
30 64 766.12
30 65 706.16
30 66 411.94
30 68 261.39
30 69 866.48
30 70 659.63
30 71 624.02
30 73 697.46
30 74 655.93
30 75 96.72
30 76 888.21
31 0 540.71
31 1 667.11
31 2 161.16
31 3 923.12
31 4 497.41
31 5 484.19
31 6 34.07
31 8 435.91
31 9 177.53
31 11 361.71
31 12 741.55
31 13 775.0
31 14 496.56
31 15 260.33
31 16 949.69
31 18 532.1
31 20 111.78
31 21 982.26
31 23 77.35
31 24 829.23
31 25 886.47
31 26 836.19
31 27 249.68
31 28 421.24
31 29 67.67
31 30 658.18
31 31 847.42
31 32 901.68
31 33 620.7
31 34 423.08
31 35 589.4
31 38 728.93
31 40 355.49
31 42 182.66
31 44 408.67
31 46 931.85
31 47 55.72
31 48 519.93
31 49 611.53
31 50 28.57
31 51 205.41
31 52 319.78
31 53 978.41
31 54 175.37
31 55 967.76
31 56 741.79
31 58 816.64
31 59 119.47
31 60 423.37
31 61 268.52
31 62 324.52
31 64 777.9
31 66 484.11
31 67 191.63
31 68 228.26
31 70 633.97
31 71 272.78
31 72 431.81
31 74 449.8
31 75 445.72
31 76 706.45
31 77 892.58
32 0 666.85
32 1 80.96
32 2 606.07
32 3 243.75
32 4 47.26
32 5 738.53
32 6 311.78
32 7 779.65
32 9 54.41
32 10 732.77
32 13 468.95
32 14 119.03
32 15 786.73
32 16 86.12
32 17 908.44
32 18 179.52
32 19 894.38
32 20 484.96
32 21 908.84
32 23 762.96
32 24 357.69
32 25 283.46
32 26 702.87
32 27 278.35
32 30 486.65
32 31 528.79
32 32 608.53
32 35 74.64
32 38 788.64
32 40 702.63
32 41 347.69
32 42 118.6
32 43 484.66
32 45 268.46
32 46 367.53
32 47 307.73
32 48 95.44
32 49 968.4
32 50 764.89
32 51 669.41
32 52 686.02
32 53 382.48
32 54 833.77
32 55 719.58
32 56 492.98
32 57 135.13
32 59 293.72
32 60 312.59
32 63 200.85
32 64 433.85
32 65 471.45
32 67 35.33
32 68 100.44
32 69 740.58
32 70 735.49
32 71 766.78
32 72 843.53
32 74 549.59
32 75 924.21
32 76 355.96
32 77 522.73
33 1 673.8
33 2 336.24
33 4 285.4
33 5 906.09
33 6 559.86
33 7 515.98
33 10 380.44
33 11 804.52
33 12 27.57
33 14 599.3
33 15 797.75
33 17 238.73
33 18 389.47
33 19 393.91
33 21 813.8
33 22 682.61
33 24 468.2
33 26 614.08
33 28 34.92
33 30 741.16
33 31 508.74
33 32 793.52
33 34 152.03
33 36 879.14
33 37 624.29
33 38 99.61
33 39 510.62
33 40 619.37
33 41 963.32
33 42 809.46
33 43 589.73
33 44 938.0
33 45 829.3
33 48 761.31
33 50 366.87
33 51 507.4
33 52 272.29
33 53 527.42
33 54 210.6
33 55 681.69
33 56 308.2
33 57 821.41
33 58 147.63
33 59 971.96
33 60 801.67
33 61 768.05
33 62 191.34
33 63 833.91
33 64 151.16
33 65 839.27
33 67 803.3
33 68 385.67
33 69 488.01
33 70 320.62
33 71 434.24
33 73 389.95
33 75 790.35
34 0 935.49
34 3 205.44
34 4 58.06
34 5 374.42
34 7 691.49
34 9 955.13
34 10 579.08
34 11 732.56
34 14 552.05
34 15 320.79
34 16 100.25
34 17 53.74
34 18 553.62
34 20 891.18
34 21 888.05
34 22 915.25
34 23 457.29
34 24 199.48
34 25 643.8
34 26 296.24
34 27 166.76
34 30 97.62
34 31 46.9
34 32 498.48
34 33 930.33
34 34 973.76
34 37 775.35
34 39 258.92
34 40 797.82
34 41 718.3
34 42 152.06
34 43 236.93
34 44 56.45
34 45 98.88
34 46 451.74
34 47 862.07
34 48 587.58
34 49 370.56
34 51 163.91
34 52 435.64
34 53 904.82
34 54 807.5
34 55 45.0
34 56 479.74
34 58 205.91
34 59 880.19
34 60 197.41
34 61 249.02
34 62 801.36
34 63 746.03
34 64 867.68
34 65 129.8
34 66 909.88
34 67 775.14
34 68 157.88
34 69 339.3
34 70 763.76
34 71 299.34
34 72 833.37
34 73 856.04
34 74 219.81
34 76 843.3
34 77 486.64
35 0 712.72
35 2 20.83
35 3 344.93
35 4 316.34
35 5 73.26
35 6 837.42
35 7 408.2
35 9 44.1
35 10 550.07
35 11 109.04
35 12 749.83
35 13 434.81
35 14 289.38
35 15 920.81
35 17 515.98
35 19 910.42
35 22 669.28
35 23 281.21
35 24 635.65
35 25 920.12
35 26 833.82
35 27 822.09
35 28 62.5
35 29 317.67
35 30 636.29
35 31 616.51
35 32 412.47
35 33 716.93
35 34 51.5
35 35 136.46
35 36 659.39
35 37 818.53
35 40 171.65
35 42 829.8
35 43 177.63
35 44 578.59
35 45 793.8
35 48 350.16
35 49 96.36
35 50 33.72
35 51 686.44
35 52 983.63
35 53 561.34
35 54 613.66
35 55 450.14
35 56 332.61
35 57 324.08
35 58 378.34
35 60 950.8
35 61 797.58
35 63 427.1
35 64 863.25
35 66 579.48
35 67 408.71
35 68 23.36
35 69 106.19
35 70 346.71
35 71 568.2
35 72 794.47
35 73 962.71
35 74 103.19
35 76 694.76
35 77 526.27
36 1 695.03
36 3 192.81
36 6 57.84
36 7 469.19
36 8 372.88
36 9 193.69
36 10 56.44
36 11 921.52
36 12 821.35
36 13 250.76
36 14 409.8
36 15 350.88
36 16 962.8
36 18 336.86
36 19 167.04
36 20 892.49
36 21 688.46
36 22 189.36
36 23 131.28
36 24 235.84
36 25 565.92
36 26 83.93
36 27 349.42
36 28 951.06
36 29 909.75
36 30 791.35
36 31 10.48
36 32 765.46
36 33 886.39
36 34 576.49
36 35 413.68
36 36 552.84
36 37 556.27
36 39 367.95
36 40 4.51
36 41 96.51
36 42 534.87
36 43 890.98
36 44 905.57
36 46 445.41
36 48 929.97
36 50 582.33
36 51 403.66
36 52 130.67
36 53 612.58
36 54 654.01
36 55 482.72
36 56 32.48
36 57 883.12
36 59 712.9
36 60 525.51
36 62 648.19
36 63 206.4
36 64 809.25
36 65 979.82
36 66 637.71
36 67 918.73
36 68 639.12
36 69 471.8
36 71 198.56
36 72 736.25
36 74 475.85
36 76 404.04
36 77 643.82
37 0 543.57
37 1 263.02
37 2 723.71
37 3 864.44
37 4 884.04
37 8 78.97
37 9 679.93
37 10 163.25
37 12 384.65
37 13 157.23
37 14 4.39
37 15 732.73
37 16 263.7
37 17 782.61
37 18 974.17
37 19 25.68
37 20 379.71
37 21 960.07
37 22 609.02
37 23 592.14
37 24 437.97
37 26 776.61
37 27 332.15
37 28 868.91
37 29 296.48
37 31 582.08
37 33 68.13
37 35 860.94
37 36 900.61
37 37 948.87
37 38 544.53
37 39 428.6
37 41 726.37
37 42 833.92
37 43 596.05
37 44 129.65
37 45 237.74
37 46 651.89
37 48 821.94
37 53 220.75
37 54 229.08
37 55 304.64
37 58 105.24
37 59 418.56
37 60 876.76
37 62 812.63
37 63 298.28
37 64 633.43
37 65 678.01
37 66 19.37
37 67 717.41
37 68 825.28
37 69 12.87
37 70 82.61
37 71 426.48
37 72 612.35
37 74 927.9
37 75 832.95
37 76 819.39
37 77 212.42
38 1 571.61
38 5 769.62
38 6 192.51
38 8 338.33
38 10 928.06
38 11 278.5
38 12 478.01
38 13 370.17
38 14 247.94
38 16 293.88
38 18 578.01
38 19 95.46
38 20 738.84
38 21 333.27
38 22 700.7
38 23 832.0
38 24 822.04
38 25 857.64
38 26 680.97
38 27 509.61
38 28 125.63
38 29 717.04
38 30 220.64
38 31 129.76
38 32 808.27
38 33 617.16
38 35 94.82
38 36 776.35
38 38 420.93
38 39 761.65
38 40 417.02
38 42 36.21
38 43 439.3
38 44 906.45
38 45 104.34
38 46 433.31
38 47 912.62
38 48 928.88
38 49 309.97
38 50 290.89
38 51 758.61
38 53 170.29
38 54 463.13
38 55 485.24
38 56 7.54
38 57 424.9
38 58 578.59
38 59 969.02
38 60 345.22
38 61 634.8
38 63 134.45
38 64 891.98
38 66 561.87
38 67 273.65
38 68 950.24
38 69 721.74
38 70 133.91
38 71 457.48
38 72 885.69
38 73 689.58
38 74 49.0
38 75 734.68
38 77 864.43
39 1 733.78
39 2 314.86
39 3 420.74
39 4 285.31
39 6 926.01
39 7 645.12
39 8 894.92
39 9 313.93
39 10 221.44
39 11 625.14
39 12 142.58
39 14 42.68
39 15 138.75
39 16 660.45
39 17 709.56
39 18 868.3
39 19 887.39
39 20 691.28
39 21 444.75
39 24 760.19
39 25 12.35
39 27 565.59
39 28 901.58
39 29 380.49
39 30 946.58
39 31 156.1
39 32 6.93
39 34 83.89
39 35 382.12
39 37 151.47
39 38 627.02
39 39 163.46
39 40 77.01
39 41 95.46
39 42 955.51
39 43 127.8
39 44 298.24
39 45 104.93
39 47 637.72
39 48 285.69
39 49 391.32
39 51 611.44
39 52 805.12
39 53 247.17
39 54 364.68
39 55 109.84
39 56 705.96
39 57 137.01
39 58 310.52
39 59 635.17
39 65 543.71
39 67 630.66
39 68 757.89
39 70 984.46
39 71 529.71
39 72 802.61
39 73 266.56
39 75 530.72
39 76 469.0
40 0 933.04
40 1 544.97
40 2 969.65
40 3 443.88
40 4 9.79
40 6 216.13
40 8 559.6
40 9 404.32
40 10 790.73
40 11 149.68
40 12 619.1
40 13 587.42
40 15 398.22
40 16 436.95
40 17 827.64
40 18 154.35
40 19 433.42
40 20 677.95
40 21 740.15
40 22 706.52
40 23 26.81
40 24 185.35
40 26 636.0
40 27 402.17
40 28 944.67
40 29 484.07
40 30 738.56
40 31 213.13
40 32 455.33
40 33 565.07
40 34 871.4
40 36 421.24
40 38 445.01
40 39 4.68
40 40 734.81
40 42 731.16
40 43 990.71
40 44 875.18
40 45 469.09
40 48 444.47
40 49 725.84
40 50 900.78
40 51 538.04
40 53 314.07
40 54 935.12
40 55 932.92
40 58 302.98
40 59 289.73
40 61 834.51
40 62 645.65
40 63 473.37
40 64 398.46
40 65 82.38
40 66 653.41
40 67 125.52
40 68 815.81
40 69 636.04
40 70 689.65
40 71 412.26
40 72 745.94
40 73 814.64
40 74 807.17
40 75 665.3
40 76 688.72
40 77 204.39
41 0 146.91
41 1 938.3
41 2 544.34
41 3 980.38
41 4 580.13
41 5 513.97
41 6 161.91
41 7 924.17
41 8 65.01
41 9 953.74
41 10 428.77
41 11 481.08
41 13 827.5
41 14 767.89
41 16 256.61
41 18 87.43
41 19 522.24
41 20 739.19
41 21 848.9
41 22 161.03
41 23 950.85
41 24 959.23
41 25 746.58
41 26 658.08
41 27 983.56
41 28 948.63
41 29 760.74
41 30 106.87
41 32 824.96
41 33 722.55
41 34 616.33
41 36 351.51
41 37 123.84
41 38 961.28
41 39 380.29
41 41 69.18
41 42 371.64
41 43 503.7
41 44 353.49
41 46 465.95
41 47 653.15
41 48 268.66
41 49 713.39
41 50 71.53
41 52 794.83
41 53 594.24
41 54 969.02
41 55 311.74
41 56 483.23
41 57 535.02
41 58 650.25
41 59 68.47
41 60 90.84
41 61 176.05
41 62 552.62
41 63 891.77
41 64 260.8
41 65 899.74
41 66 253.28
41 67 189.39
41 68 986.11
41 69 282.21
41 71 869.6
41 72 570.02
41 73 573.61
41 74 238.46
42 0 453.67
42 1 398.74
42 2 82.93
42 3 308.9
42 4 362.45
42 5 187.2
42 6 701.59
42 7 616.37
42 9 469.31
42 11 841.25
42 14 71.14
42 15 224.31
42 17 847.84
42 18 515.27
42 19 650.85
42 20 243.98
42 21 698.73
42 22 375.29
42 23 650.73
42 24 684.09
42 26 563.23
42 27 960.2
42 28 56.19
42 29 925.23
42 30 337.63
42 31 505.41
42 34 246.4
42 36 396.65
42 37 410.98
42 38 724.83
42 39 488.08
42 40 211.58
42 42 867.07
42 43 941.4
42 44 494.58
42 45 874.58
42 46 915.29
42 47 396.32
42 48 75.75
42 50 626.35
42 51 477.31
42 53 979.18
42 54 453.24
42 55 962.49
42 60 621.44
42 61 326.12
42 63 566.82
42 64 889.23
42 68 569.68
42 70 34.83
42 71 828.23
42 72 224.87
42 73 552.28
42 75 642.06
42 76 487.08
42 77 411.7
43 0 712.47
43 2 537.4
43 3 538.89
43 4 345.28
43 6 18.98
43 7 580.35
43 8 530.98
43 11 410.98
43 12 851.84
43 15 139.65
43 16 735.95
43 18 333.11
43 19 335.4
43 20 323.62
43 21 179.13
43 22 43.78
43 23 423.8
43 24 116.33
43 25 361.81
43 26 977.72
43 27 626.86
43 29 815.58
43 30 818.78
43 31 198.44
43 33 180.05
43 34 96.74
43 36 607.65
43 37 917.34
43 38 389.12
43 39 120.18
43 41 540.03
43 42 759.89
43 43 733.66
43 44 635.18
43 45 597.23
43 46 919.18
43 47 729.82
43 48 720.13
43 49 312.03
43 50 383.53
43 52 535.82
43 53 752.7
43 54 34.23
43 55 710.61
43 56 354.31
43 57 908.28
43 58 160.84
43 59 705.45
43 60 585.84
43 61 730.65
43 62 439.3
43 63 260.73
43 64 190.39
43 65 676.45
43 66 558.47
43 67 123.32
43 68 780.32
43 69 450.81
43 70 555.59
43 71 915.07
43 72 908.19
43 74 163.41
43 76 227.0
44 0 585.73
44 2 910.43
44 3 331.41
44 4 914.84
44 5 787.18
44 6 469.7
44 7 871.92
44 8 683.56
44 9 241.34
44 10 985.99
44 12 273.25
44 13 722.38
44 14 103.09
44 17 237.28
44 18 563.92
44 19 948.85
44 20 854.72
44 21 879.22
44 23 528.85
44 24 645.04
44 25 232.43
44 27 87.0
44 29 131.65
44 32 190.46
44 33 109.98
44 35 763.86
44 36 466.21
44 37 119.71
44 38 329.01
44 40 864.14
44 41 541.88
44 43 285.64
44 44 759.72
44 45 89.93
44 46 850.03
44 47 645.26
44 48 99.19
44 49 280.11
44 50 457.23
44 51 305.62
44 52 329.26
44 54 299.29
44 55 398.59
44 57 399.04
44 59 309.12
44 60 706.64
44 61 942.07
44 62 8.06
44 63 47.02
44 64 667.86
44 65 156.04
44 66 897.38
44 69 696.7
44 70 268.82
44 72 608.66
44 73 144.97
44 74 535.71
44 75 696.61
44 77 922.15
45 1 427.9
45 2 288.85
45 4 632.78
45 5 224.31
45 7 125.62
45 8 424.96
45 10 256.18
45 11 604.1
45 12 403.32
45 14 504.35
45 15 453.68
45 16 801.1
45 17 807.25
45 18 920.64
45 20 498.37
45 21 732.04
45 22 785.53
45 23 637.4
45 24 208.88
45 25 506.8
45 26 50.92
45 28 201.63
45 30 536.77
45 31 924.72
45 32 584.49
45 33 745.77
45 34 54.73
45 35 829.74
45 37 342.79
45 38 25.64
45 39 513.64
45 40 950.59
45 41 992.57
45 42 839.94
45 43 804.49
45 46 779.03
45 47 91.68
45 49 440.04
45 50 558.89
45 51 784.73
45 52 173.21
45 53 878.33
45 54 727.33
45 55 458.89
45 56 531.63
45 58 740.01
45 59 2.33
45 60 390.13
45 61 555.05
45 63 607.42
45 64 254.89
45 65 153.13
45 66 638.99
45 67 244.2
45 69 83.81
45 72 317.07
45 73 403.09
45 74 309.14
45 75 354.98
46 0 775.82
46 1 921.14
46 2 978.04
46 3 679.62
46 4 441.17
46 5 711.81
46 6 544.97
46 7 925.49
46 8 502.81
46 9 592.96
46 11 153.51
46 12 755.55
46 13 793.84
46 14 676.85
46 15 819.83
46 18 357.38
46 19 933.04
46 20 767.28
46 21 389.75
46 23 744.95
46 24 252.92
46 25 823.9
46 26 577.76
46 27 112.95
46 29 899.88
46 30 605.07
46 31 220.32
46 32 99.93
46 33 341.94
46 34 446.51
46 35 787.98
46 36 602.48
46 38 855.5
46 39 932.12
46 40 59.51
46 41 848.95
46 42 776.8
46 43 270.24
46 45 150.94
46 46 354.81
46 47 254.45
46 48 782.55
46 49 250.84
46 50 696.92
46 52 570.02
46 53 910.44
46 55 333.25
46 56 531.18
46 58 860.33
46 59 651.61
46 60 40.45
46 62 753.28
46 63 669.48
46 64 602.06
46 65 681.63
46 66 916.49
46 67 877.15
46 68 202.59
46 70 40.37
46 72 119.7
46 74 54.16
46 75 609.04
46 76 356.99
47 0 236.13
47 1 785.48
47 3 400.21
47 4 721.48
47 6 569.1
47 8 311.19
47 9 258.86
47 11 703.53
47 13 180.84
47 14 667.13
47 20 443.45
47 21 454.04
47 22 928.83
47 23 276.31
47 26 538.63
47 27 108.62
47 28 734.99
47 30 436.86
47 33 479.31
47 34 320.76
47 35 344.67
47 36 549.11
47 38 961.07
47 39 923.63
47 40 817.1
47 42 655.78
47 43 336.93
47 45 621.72
47 46 415.95
47 47 946.28
47 48 77.75
47 49 310.94
47 50 544.31
47 51 434.63
47 52 815.21
47 54 92.66
47 55 137.99
47 56 669.41
47 58 521.31
47 59 508.69
47 60 966.27
47 61 861.04
47 62 139.06
47 63 372.34
47 64 874.61
47 65 122.44
47 66 484.36
47 67 652.77
47 69 99.14
47 70 659.84
47 71 979.02
47 72 127.08
47 73 885.75
47 74 429.73
47 75 321.23
47 77 385.54
48 0 518.35
48 1 570.65
48 2 774.53
48 3 723.44
48 4 281.97
48 5 499.28
48 6 325.74
48 7 540.94
48 8 734.46
48 9 485.81
48 10 397.27
48 12 235.28
48 13 878.88
48 14 22.07
48 17 852.78
48 18 10.97
48 19 735.62
48 20 530.24
48 21 578.0
48 22 213.8
48 23 482.56
48 24 645.72
48 26 181.3
48 27 720.65
48 28 148.29
48 29 43.91
48 30 425.02
48 31 18.27
48 33 143.09
48 34 146.03
48 36 929.06
48 37 773.12
48 38 865.84
48 39 389.25
48 41 822.51
48 42 139.49
48 43 954.61
48 45 105.02
48 47 980.51
48 49 898.45
48 50 509.34
48 51 759.03
48 52 868.28
48 53 428.2
48 54 397.22
48 55 789.02
48 56 455.55
48 57 20.61
48 59 770.02
48 60 178.98
48 61 9.04
48 63 204.63
48 64 618.55
48 66 31.71
48 68 126.1
48 69 716.79
48 70 201.78
48 71 895.23
48 73 83.11
48 74 607.07
48 75 678.56
48 77 927.93
49 0 625.35
49 1 954.84
49 2 684.42
49 3 761.11
49 4 909.01
49 5 619.61
49 6 911.5
49 8 44.4
49 9 331.88
49 10 849.48
49 14 966.36
49 16 954.91
49 17 861.36
49 18 523.07
49 19 77.7
49 20 431.04
49 21 834.7
49 22 66.86
49 24 774.44
49 25 629.43
49 26 802.28
49 27 472.95
49 28 740.88
49 29 316.1
49 30 518.15
49 31 26.71
49 32 457.57
49 33 704.67
49 34 789.86
49 36 401.32
49 37 360.45
49 38 593.65
49 39 301.13
49 40 463.82
49 41 304.26
49 42 904.58
49 44 881.56
49 45 810.47
49 46 793.99
49 47 179.94
49 49 60.94
49 50 297.96
49 51 984.48
49 52 669.53
49 53 15.34
49 54 788.7
49 55 481.63
49 57 448.4
49 59 992.56
49 60 284.08
49 61 13.65
49 62 406.57
49 63 697.64
49 67 238.12
49 68 699.71
49 69 536.36
49 70 470.63
49 71 704.37
49 72 910.06
49 73 349.48
49 74 956.51
49 75 609.1
49 76 209.62
49 77 373.83
50 1 173.1
50 2 571.78
50 3 157.85
50 4 342.58
50 6 844.3
50 8 814.16
50 9 510.2
50 10 968.94
50 12 739.66
50 13 915.22
50 14 662.57
50 15 671.5
50 18 74.73
50 20 9.48
50 21 368.22
50 23 587.37
50 24 951.06
50 26 291.95
50 27 30.34
50 29 369.75
50 30 734.74
50 31 661.42
50 32 554.37
50 35 376.96
50 36 4.75
50 37 149.3
50 38 504.55
50 40 202.06
50 41 191.11
50 42 176.35
50 43 488.03
50 44 813.06
50 46 163.56
50 47 808.31
50 48 757.18
50 49 778.98
50 50 760.32
50 52 199.37
50 53 74.53
50 55 124.84
50 56 491.42
50 57 855.99
50 58 483.45
50 59 624.5
50 61 715.43
50 62 849.97
50 63 700.19
50 64 977.28
50 65 97.27
50 68 77.54
50 69 963.13
50 70 730.31
50 71 745.04
50 72 348.07
50 73 504.31
50 74 157.56
50 75 238.37
50 76 615.88
50 77 772.0
51 1 582.37
51 2 31.67
51 3 787.44
51 5 462.75
51 6 671.23
51 8 822.43
51 9 919.82
51 10 591.73
51 11 216.2
51 12 474.12
51 14 939.78
51 17 869.34
51 19 492.84
51 21 130.28
51 22 239.37
51 24 109.65
51 25 887.35
51 26 906.42
51 27 576.56
51 29 271.2
51 31 745.25
51 32 344.35
51 33 503.22
51 34 686.4
51 35 146.79
51 36 560.89
51 37 300.32
51 38 698.51
51 39 926.95
51 40 576.78
51 41 101.1
51 44 854.37
51 45 72.37
51 46 417.84
51 47 545.15
51 48 507.87
51 49 531.29
51 52 335.46
51 53 943.96
51 54 543.18
51 55 591.62
51 56 341.95
51 57 636.46
51 58 236.01
51 59 254.63
51 60 68.72
51 62 702.52
51 63 666.85
51 64 29.41
51 65 809.48
51 66 626.26
51 67 675.24
51 68 660.92
51 69 458.1
51 70 600.22
51 71 883.09
51 74 783.27
51 76 866.24
52 0 795.53
52 2 57.68
52 3 171.07
52 4 969.24
52 5 31.58
52 6 356.71
52 8 123.45
52 10 117.99
52 11 275.05
52 15 232.16
52 16 360.28
52 18 837.39
52 19 2.17
52 21 706.19
52 23 199.68
52 24 33.03
52 25 517.33
52 27 646.12
52 28 928.52
52 29 359.62
52 30 847.42
52 31 482.19
52 32 801.28
52 33 903.54
52 35 674.58
52 37 662.63
52 39 757.34
52 40 121.19
52 41 482.37
52 42 512.82
52 43 772.44
52 44 791.02
52 45 444.65
52 46 142.96
52 47 904.01
52 48 582.24
52 49 72.42
52 50 539.1
52 51 589.9
52 52 203.08
52 53 471.12
52 54 673.82
52 55 91.66
52 56 55.06
52 57 180.74
52 59 388.55
52 61 661.9
52 62 891.27
52 63 406.64
52 65 978.98
52 66 625.77
52 67 261.91
52 68 449.04
52 70 285.96
52 71 167.67
52 74 128.08
52 75 910.67
52 76 598.92
52 77 487.93
53 0 851.47
53 1 784.14
53 2 743.26
53 3 707.91
53 4 393.7
53 5 470.56
53 6 860.69
53 9 679.84
53 11 271.29
53 12 969.27
53 14 574.83
53 15 496.3
53 16 482.33
53 17 747.34
53 18 998.92
53 19 642.02
53 22 95.59
53 23 471.35
53 24 978.9
53 25 515.34
53 26 450.1
53 27 956.4
53 28 646.6
53 29 946.33
53 30 727.52
53 31 165.01
53 32 169.42
53 33 223.77
53 34 652.7
53 35 155.5
53 36 796.83
53 39 641.62
53 41 934.38
53 42 44.99
53 43 915.6
53 44 357.78
53 45 88.25
53 46 89.41
53 47 968.03
53 48 309.52
53 49 51.8
53 50 758.9
53 51 986.77
53 52 322.06
53 53 364.4
53 54 250.23
53 55 61.21
53 56 554.82
53 57 716.09
53 58 998.72
53 59 952.08
53 60 369.44
53 62 281.65
53 63 856.48
53 64 60.86
53 66 881.63
53 68 69.93
53 69 60.02
53 70 486.09
53 71 947.46
53 72 248.81
53 73 109.47
53 74 292.76
53 75 51.87
53 76 557.8
53 77 177.42
54 0 477.9
54 1 42.61
54 2 641.96
54 3 873.78
54 4 132.23
54 6 998.37
54 7 101.88
54 8 674.52
54 9 354.34
54 10 798.92
54 11 239.76
54 12 143.83
54 13 979.47
54 14 413.96
54 15 733.43
54 16 381.7
54 17 388.31
54 18 354.16
54 20 668.5
54 21 830.32
54 22 14.96
54 23 869.79
54 24 907.52
54 25 651.37
54 26 97.37
54 27 20.19
54 28 554.51
54 31 485.29
54 34 4.96
54 36 334.93
54 37 486.35
54 38 135.42
54 39 749.1
54 40 919.0
54 42 384.38
54 44 224.25
54 45 483.88
54 46 981.56
54 47 107.02
54 48 788.05
54 50 383.8
54 51 162.21
54 52 559.46
54 53 418.1
54 55 662.82
54 56 14.31
54 57 312.29
54 59 282.67
54 60 44.12
54 61 247.72
54 62 102.46
54 63 636.84
54 64 279.08
54 66 878.83
54 67 926.23
54 68 632.06
54 70 620.52
54 71 75.59
54 72 972.15
54 73 718.62
54 74 669.82
54 75 291.5
54 76 887.72
54 77 831.05
55 1 190.2
55 3 886.7
55 4 428.14
55 5 202.55
55 6 18.86
55 7 97.39
55 9 80.78
55 10 588.69
55 11 562.41
55 12 572.63
55 13 719.8
55 14 134.14
55 15 935.68
55 17 603.32
55 18 756.2
55 19 714.5
55 21 809.17
55 22 765.71
55 23 401.36
55 25 197.0
55 26 25.91
55 27 899.77
55 28 486.09
55 29 733.36
55 30 930.15
55 31 721.04
55 32 276.43
55 33 738.67
55 35 529.3
55 36 704.89
55 39 619.7
55 42 142.29
55 43 834.85
55 44 802.22
55 45 927.99
55 46 336.99
55 48 369.94
55 49 89.16
55 50 955.99
55 51 365.63
55 52 635.42
55 53 329.82
55 54 609.6
55 55 273.55
55 56 962.73
55 58 354.6
55 59 147.72
55 60 730.3
55 61 713.65
55 62 649.57
55 63 225.88
55 64 886.27
55 65 505.94
55 66 331.58
55 67 161.13
55 68 470.39
55 69 794.6
55 70 723.68
55 71 467.82
55 72 914.41
55 73 289.5
55 74 679.59
55 76 39.16
55 77 766.7
56 0 800.66
56 1 555.59
56 2 570.24
56 3 326.39
56 4 293.7
56 7 70.75
56 8 237.19
56 9 383.17
56 10 920.75
56 12 959.98
56 13 391.07
56 14 600.91
56 15 920.85
56 17 560.27
56 18 269.47
56 20 393.23
56 21 373.45
56 23 406.83
56 26 799.02
56 27 641.51
56 28 951.67
56 29 743.42
56 30 814.95
56 31 797.49
56 32 57.69
56 33 634.14
56 34 636.62
56 35 23.9
56 37 890.75
56 39 183.17
56 40 840.8
56 41 609.57
56 43 232.18
56 44 58.49
56 45 426.02
56 48 188.75
56 49 508.53
56 50 157.13
56 51 232.4
56 53 972.75
56 54 888.29
56 56 52.83
56 57 266.62
56 58 93.96
56 59 102.29
56 60 229.74
56 62 850.73
56 63 445.67
56 64 804.39
56 65 697.67
56 66 218.08
56 67 897.74
56 68 196.12
56 69 866.06
56 70 118.21
56 71 59.33
56 72 236.21
56 73 725.98
56 75 569.53
56 76 312.11
56 77 239.26
57 1 725.27
57 2 982.71
57 3 682.13
57 5 778.86
57 6 593.82
57 7 125.62
57 8 262.59
57 9 315.71
57 11 397.79
57 14 634.39
57 15 738.65
57 16 391.91
57 17 147.53
57 18 270.65
57 19 690.12
57 20 530.42
57 21 786.29
57 22 886.68
57 23 114.51
57 24 1.58
57 25 822.81
57 28 75.87
57 29 410.48
57 30 604.33
57 31 632.48
57 32 691.3
57 33 310.26
57 34 852.7
57 35 961.46
57 36 373.45
57 37 822.64
57 38 447.97
57 39 434.33
57 40 100.18
57 41 587.76
57 42 41.63
57 43 172.81
57 44 79.44
57 45 573.67
57 46 158.26
57 48 521.7
57 50 136.05
57 51 929.53
57 52 835.89
57 53 529.26
57 54 373.24
57 55 962.34
57 56 207.21
57 57 332.27
57 58 512.83
57 59 147.09
57 60 641.28
57 61 253.45
57 62 34.16
57 63 539.45
57 64 955.79
57 65 435.7
57 67 365.3
57 68 346.66
57 70 94.7
57 71 904.7
57 72 952.06
57 73 130.92
57 74 294.87
57 76 87.17
57 77 745.92
58 1 801.52
58 4 616.42
58 5 946.21
58 6 949.7
58 7 912.61
58 8 76.83
58 9 156.43
58 11 246.27
58 12 753.93
58 14 892.94
58 15 93.69
58 16 140.41
58 18 126.72
58 19 508.63
58 20 32.52
58 21 94.54
58 22 180.92
58 23 136.24
58 24 680.86
58 26 908.84
58 27 375.3
58 30 419.26
58 31 754.52
58 32 52.41
58 33 946.37
58 34 708.66
58 35 758.73
58 36 348.67
58 37 123.6
58 39 967.19
58 40 920.29
58 41 390.51
58 42 262.99
58 44 289.87
58 45 662.83
58 46 214.11
58 47 862.1
58 51 82.83
58 52 395.3
58 53 698.22
58 54 189.54
58 55 997.35
58 56 236.86
58 58 293.44
58 60 223.99
58 62 630.9
58 64 765.13
58 65 603.08
58 66 936.31
58 68 703.0
58 69 571.87
58 70 922.64
58 71 142.73
58 72 644.58
58 73 724.98
58 74 807.83
58 75 700.41
58 76 696.11
58 77 674.62
59 0 260.98
59 1 349.74
59 2 277.74
59 3 856.46
59 4 851.74
59 8 510.27
59 9 780.4
59 10 950.36
59 11 822.44
59 13 410.25
59 14 516.07
59 15 382.32
59 16 176.04
59 17 357.64
59 18 93.3
59 19 377.24
59 20 792.42
59 21 502.78
59 22 538.51
59 23 995.98
59 26 627.27
59 27 778.85
59 28 872.21
59 29 761.26
59 31 918.12
59 32 871.49
59 33 373.39
59 34 366.73
59 35 222.47
59 36 756.45
59 37 954.04
59 38 128.56
59 39 643.8
59 40 610.21
59 41 156.47
59 42 697.86
59 43 827.28
59 44 275.55
59 45 882.83
59 47 806.17
59 50 127.56
59 51 221.04
59 53 586.62
59 54 608.14
59 55 889.19
59 57 839.97
59 58 682.42
59 59 662.04
59 60 312.49
59 61 546.96
59 62 684.76
59 63 148.76
59 64 550.0
59 65 395.4
59 66 884.98
59 67 430.79
59 68 625.28
59 69 420.74
59 70 10.67
59 71 575.05
59 72 335.3
59 73 744.75
59 75 134.55
59 77 458.62
60 0 981.79
60 2 423.21
60 3 217.8
60 5 45.86
60 6 635.74
60 8 155.69
60 11 721.45
60 12 440.0
60 13 130.76
60 14 381.48
60 16 100.88
60 17 524.84
60 19 786.44
60 20 845.72
60 21 60.72
60 22 270.0
60 23 985.09
60 24 82.8
60 25 458.67
60 26 421.14
60 27 140.8
60 29 984.97
60 30 614.65
60 31 629.19
60 32 77.49
60 33 971.32
60 34 50.2
60 36 34.3
60 37 529.0
60 39 233.38
60 40 463.0
60 41 373.72
60 42 530.91
60 43 417.07
60 44 377.93
60 46 358.01
60 47 365.09
60 48 124.39
60 49 779.34
60 51 335.44
60 52 8.35
60 53 97.68
60 54 422.8
60 57 595.47
60 59 749.03
60 60 745.34
60 61 655.25
60 62 507.52
60 63 164.05
60 64 568.95
60 65 176.85
60 67 552.76
60 68 266.51
60 69 526.23
60 72 363.01
60 73 637.76
60 74 896.79
60 76 898.87
60 77 906.76
61 0 554.58
61 1 32.16
61 2 836.61
61 3 112.44
61 4 76.13
61 7 483.58
61 8 590.37
61 10 32.04
61 11 424.86
61 13 213.97
61 14 937.75
61 15 396.64
61 21 349.0
61 23 242.99
61 25 107.99
61 26 151.89
61 28 524.71
61 30 57.39
61 31 20.63
61 32 119.11
61 33 731.39
61 34 462.59
61 35 891.96
61 37 68.0
61 38 927.67
61 41 925.49
61 43 140.27
61 44 180.42
61 46 735.48
61 48 213.25
61 49 478.65
61 50 87.59
61 51 180.77
61 52 273.56
61 53 43.66
61 54 87.64
61 55 197.42
61 56 974.75
61 57 301.9
61 58 866.31
61 59 629.3
61 60 637.36
61 61 885.13
61 63 315.88
61 65 628.64
61 66 356.49
61 67 574.92
61 68 768.25
61 69 525.62
61 70 572.81
61 72 553.18
61 73 199.59
61 74 431.53
61 75 26.57
61 76 900.73
61 77 690.04
62 0 945.13
62 1 738.21
62 2 974.16
62 3 527.35
62 4 911.42
62 5 905.78
62 6 900.44
62 7 514.39
62 8 586.41
62 9 742.13
62 10 905.18
62 11 641.88
62 13 658.35
62 14 272.93
62 16 923.2
62 17 551.53
62 18 256.0
62 19 810.09
62 20 458.4
62 21 538.4
62 22 502.61
62 23 876.19
62 25 430.82
62 26 211.95
62 27 331.94
62 28 445.89
62 29 711.49
62 31 713.53
62 32 775.33
62 33 229.75
62 34 795.53
62 35 165.01
62 36 99.08
62 37 963.3
62 39 39.21
62 40 764.39
62 41 959.87
62 43 935.44
62 44 899.28
62 45 913.01
62 46 480.21
62 47 47.62
62 48 156.48
62 49 388.75
62 50 675.81
62 51 987.61
62 54 214.02
62 55 967.69
62 56 442.4
62 58 937.24
62 59 695.95
62 61 110.84
62 62 161.88
62 64 913.75
62 66 232.48
62 68 791.05
62 69 894.94
62 70 886.51
62 71 651.22
62 72 824.69
62 73 673.27
62 74 117.27
62 75 707.91
62 76 557.69
63 0 26.53
63 1 129.67
63 3 701.3
63 4 981.33
63 6 354.07
63 7 333.54
63 8 153.01
63 9 436.33
63 10 203.78
63 11 775.99
63 12 511.07
63 13 133.09
63 15 310.64
63 16 54.49
63 18 636.41
63 19 958.97
63 23 818.76
63 24 73.79
63 25 214.34
63 27 144.81
63 28 782.2
63 31 742.39
63 33 158.51
63 34 515.87
63 35 552.15
63 37 668.83
63 38 917.23
63 39 419.1
63 40 498.64
63 43 173.26
63 45 735.63
63 46 807.57
63 47 446.4
63 48 277.61
63 49 707.95
63 51 756.25
63 52 184.95
63 53 318.8
63 54 285.84
63 55 609.7
63 56 640.3
63 57 95.4
63 59 653.35
63 60 930.22
63 61 442.42
63 62 480.81
63 65 585.65
63 66 476.66
63 67 100.35
63 68 4.95
63 70 226.55
63 71 995.58
63 72 903.89
63 73 535.18
63 74 523.57
63 75 405.37
63 77 963.7
64 0 222.4
64 2 797.23
64 3 377.6
64 4 18.55
64 5 994.69
64 7 610.74
64 8 968.58
64 10 399.21
64 12 531.93
64 13 497.41
64 14 536.8
64 15 216.18
64 16 877.31
64 17 167.4
64 18 412.41
64 19 471.98
64 20 860.56
64 21 881.4
64 22 761.79
64 23 978.18
64 24 232.14
64 25 568.81
64 26 142.98
64 28 392.08
64 30 496.05
64 31 181.64
64 32 146.79
64 33 213.82
64 35 731.48
64 36 612.8
64 37 470.78
64 38 77.58
64 39 578.38
64 40 863.09
64 41 575.65
64 42 407.65
64 43 189.55
64 44 643.52
64 46 255.17
64 47 558.92
64 48 851.31
64 49 646.78
64 50 97.4
64 51 628.57
64 52 250.33
64 53 208.31
64 54 618.23
64 55 513.39
64 56 824.27
64 58 794.69
64 59 368.19
64 60 539.99
64 61 268.33
64 62 109.5
64 63 787.77
64 64 480.13
64 65 104.23
64 66 73.56
64 68 766.23
64 69 422.61
64 70 748.65
64 72 908.06
64 74 637.92
64 75 499.46
64 76 10.07
64 77 227.86
65 0 847.06
65 1 331.11
65 2 599.0
65 3 148.62
65 4 649.0
65 5 263.33
65 6 241.85
65 7 532.11
65 9 142.74
65 10 827.5
65 11 465.58
65 12 4.59
65 13 557.72
65 15 648.29
65 16 658.91
65 18 159.5
65 19 588.72
65 20 891.3
65 21 266.96
65 22 190.54
65 23 841.17
65 24 286.57
65 26 473.93
65 28 844.65
65 29 444.68
65 30 364.95
65 31 989.72
65 33 856.15
65 34 617.67
65 35 496.12
65 36 561.07
65 37 632.37
65 38 509.7
65 41 75.57
65 44 132.18
65 45 587.67
65 46 300.11
65 49 624.89
65 50 434.91
65 52 792.16
65 53 459.5
65 54 333.55
65 55 773.33
65 56 590.61
65 57 562.24
65 59 783.27
65 60 815.19
65 61 92.51
65 63 859.02
65 64 157.04
65 65 381.58
65 66 262.23
65 67 700.85
65 68 67.71
65 69 480.31
65 70 332.87
65 72 453.65
65 73 663.57
65 75 224.22
65 76 929.5
65 77 639.07
66 0 374.57
66 1 950.33
66 2 223.0
66 3 637.03
66 4 731.17
66 7 506.66
66 8 928.39
66 9 8.0
66 10 943.65
66 11 752.52
66 13 547.98
66 15 512.77
66 16 617.9
66 17 437.22
66 18 473.37
66 19 39.56
66 21 483.4
66 22 974.09
66 24 611.1
66 25 376.0
66 28 913.79
66 29 238.99
66 31 769.78
66 32 232.36
66 33 692.08
66 34 461.92
66 35 830.41
66 37 816.07
66 38 215.21
66 40 229.53
66 41 17.97
66 42 535.22
66 45 799.12
66 46 736.81
66 48 827.96
66 51 384.44
66 52 519.48
66 53 121.3
66 54 802.56
66 55 793.73
66 56 163.33
66 57 336.97
66 58 392.34
66 59 925.45
66 60 622.01
66 61 958.51
66 63 947.53
66 64 284.97
66 66 58.1
66 68 295.0
66 69 186.33
66 70 865.16
66 71 486.92
66 72 983.77
66 74 500.21
66 75 725.81
66 76 935.87
66 77 830.36
67 0 663.66
67 1 623.66
67 2 878.65
67 3 792.54
67 4 21.06
67 5 846.07
67 8 601.59
67 9 303.89
67 10 25.0
67 11 144.05
67 13 216.81
67 14 103.28
67 16 223.56
67 17 209.14
67 18 770.72
67 19 892.4
67 20 494.1
67 21 639.6
67 22 863.58
67 24 805.31
67 25 658.18
67 26 731.58
67 27 631.73
67 28 44.89
67 29 391.94
67 30 575.51
67 31 518.73
67 32 933.55
67 33 754.44
67 34 69.36
67 36 651.01
67 37 155.66
67 38 109.26
67 39 492.25
67 40 335.26
67 42 495.55
67 43 184.09
67 44 66.61
67 45 121.6
67 46 763.28
67 47 579.37
67 48 88.52
67 49 528.37
67 50 194.97
67 51 902.81
67 52 120.47
67 54 189.35
67 55 779.3
67 57 386.64
67 59 304.13
67 60 579.63
67 61 821.28
67 62 482.22
67 63 444.51
67 64 869.43
67 66 645.53
67 67 95.82
67 68 328.03
67 69 648.84
67 70 356.55
67 71 705.09
67 72 328.44
67 73 94.71
67 74 156.25
67 77 744.96
68 0 359.3
68 1 967.72
68 2 783.66
68 3 748.6
68 4 28.13
68 5 446.76
68 6 819.91
68 9 975.8
68 11 539.44
68 12 700.97
68 16 148.14
68 17 86.39
68 18 850.89
68 19 283.92
68 20 251.92
68 21 294.71
68 22 735.29
68 23 346.31
68 25 884.34
68 26 304.96
68 27 553.29
68 29 550.71
68 30 402.06
68 31 416.02
68 33 516.24
68 34 314.11
68 36 513.67
68 37 937.63
68 38 166.16
68 39 452.26
68 41 858.98
68 42 261.31
68 43 976.13
68 44 908.48
68 45 393.73
68 46 405.27
68 47 498.17
68 48 236.0
68 49 91.43
68 50 761.39
68 51 94.39
68 52 458.78
68 53 108.64
68 55 682.88
68 57 76.35
68 58 890.39
68 59 623.56
68 60 287.93
68 61 74.45
68 62 731.34
68 63 29.26
68 64 865.12
68 65 446.02
68 66 28.5
68 67 586.31
68 68 426.63
68 71 581.87
68 72 119.8
68 73 833.58
68 74 891.76
68 76 19.26
68 77 342.66
69 1 892.36
69 3 997.84
69 4 974.83
69 5 802.87
69 6 985.32
69 7 783.7
69 8 786.34
69 9 642.1
69 11 922.19
69 12 807.84
69 13 847.7
69 14 524.01
69 16 421.46
69 19 912.06
69 20 648.19
69 23 277.46
69 24 566.19
69 25 882.61
69 27 553.35
69 28 955.38
69 29 726.02
69 30 903.27
69 31 756.15
69 32 323.73
69 33 776.43
69 34 196.68
69 35 890.43
69 37 404.44
69 38 966.82
69 39 151.46
69 40 909.94
69 43 394.61
69 44 459.48
69 46 57.61
69 47 870.07
69 51 2.59
69 52 808.3
69 53 674.58
69 54 378.88
69 55 421.71
69 57 618.68
69 58 458.47
69 59 195.97
69 60 215.6
69 61 702.04
69 62 966.97
69 63 899.65
69 64 873.72
69 65 891.76
69 66 91.67
69 67 877.88
69 68 702.71
69 69 576.34
69 71 932.82
69 72 342.33
69 73 554.8
69 74 532.84
69 75 603.88
69 76 404.94
69 77 381.32
70 0 738.83
70 1 690.28
70 3 541.29
70 6 929.9
70 7 392.99
70 8 917.73
70 9 396.32
70 10 573.01
70 11 812.16
70 13 141.02
70 14 508.19
70 15 814.21
70 16 50.68
70 18 775.26
70 19 234.98
70 20 428.25
70 22 117.18
70 23 821.72
70 24 972.4
70 26 970.37
70 28 62.46
70 29 958.57
70 32 80.34
70 33 488.13
70 34 941.66
70 35 513.29
70 37 772.92
70 39 472.58
70 41 399.04
70 42 526.05
70 43 781.12
70 44 6.66
70 45 369.6
70 46 101.61
70 48 744.68
70 49 497.32
70 50 392.41
70 51 484.99
70 52 238.17
70 53 219.49
70 54 600.72
70 55 272.12
70 56 668.54
70 57 907.82
70 58 420.31
70 60 764.69
70 64 475.47
70 65 944.86
70 66 123.21
70 70 530.57
70 71 700.39
70 72 628.06
70 74 470.17
70 76 88.76
70 77 310.82
71 0 959.83
71 1 689.57
71 3 877.47
71 4 219.23
71 5 964.66
71 6 961.72
71 8 782.57
71 9 651.95
71 11 226.83
71 12 726.82
71 13 549.99
71 14 35.58
71 16 30.76
71 17 274.22
71 18 678.12
71 21 173.9
71 22 285.07
71 23 673.17
71 24 137.35
71 25 595.46
71 28 583.77
71 30 59.01
71 31 337.79
71 32 352.58
71 33 623.26
71 36 435.07
71 37 687.16
71 38 875.67
71 40 167.53
71 41 257.37
71 42 621.79
71 43 266.42
71 44 413.86
71 45 911.63
71 47 119.22
71 49 308.03
71 50 60.35
71 51 534.0
71 52 850.98
71 53 601.02
71 54 707.96
71 56 771.6
71 57 332.03
71 58 918.85
71 60 586.31
71 62 691.75
71 63 606.14
71 64 304.43
71 65 32.73
71 66 525.0
71 67 858.79
71 69 529.8
71 71 262.5
71 72 278.99
71 73 510.18
71 74 990.76
71 76 756.92
71 77 625.84
72 0 148.48
72 1 847.12
72 2 461.48
72 3 955.64
72 4 560.68
72 5 417.75
72 6 232.11
72 7 923.77
72 9 471.91
72 10 355.12
72 11 944.69
72 12 243.2
72 13 688.05
72 14 678.87
72 17 862.51
72 18 715.2
72 19 647.34
72 20 199.81
72 22 263.93
72 26 684.75
72 27 168.17
72 28 568.31
72 29 842.38
72 30 389.43
72 31 450.67
72 32 313.15
72 33 283.47
72 35 425.52
72 37 414.8
72 38 484.75
72 39 513.22
72 41 506.63
72 43 924.45
72 44 903.94
72 45 483.03
72 46 638.47
72 47 443.08
72 48 229.3
72 49 816.53
72 50 171.05
72 52 196.63
72 53 213.47
72 54 201.0
72 56 639.6
72 57 775.79
72 58 477.63
72 59 649.56
72 60 944.73
72 61 596.96
72 62 340.62
72 63 574.13
72 64 329.86
72 66 563.19
72 67 239.49
72 68 503.32
72 69 121.52
72 70 480.02
72 71 747.28
72 72 999.01
72 73 433.7
72 74 89.52
72 75 719.76
72 76 173.29
73 0 153.45
73 2 994.34
73 4 752.23
73 5 816.18
73 6 928.6
73 7 769.66
73 8 103.13
73 9 148.88
73 10 474.03
73 11 662.66
73 12 267.13
73 13 616.92
73 14 392.16
73 17 174.07
73 18 731.82
73 19 611.12
73 20 405.1
73 22 631.71
73 23 783.73
73 24 19.56
73 26 998.37
73 27 182.01
73 28 217.07
73 29 296.91
73 30 478.86
73 31 768.87
73 32 405.74
73 33 678.9
73 34 272.17
73 37 900.25
73 38 293.11
73 39 938.41
73 40 315.28
73 42 292.02
73 43 227.66
73 44 389.86
73 46 77.14
73 47 912.09
73 48 26.83
73 49 32.15
73 50 374.48
73 51 329.81
73 52 896.28
73 53 729.32
73 55 113.4
73 56 853.79
73 58 655.39
73 59 384.67
73 60 499.68
73 61 731.96
73 62 425.72
73 63 699.51
73 65 768.97
73 67 540.19
73 68 35.32
73 69 619.36
73 70 814.52
73 71 684.3
73 72 246.58
73 73 235.03
73 74 215.05
73 76 755.34
74 0 817.14
74 1 821.47
74 3 208.91
74 4 301.11
74 6 595.21
74 7 26.44
74 8 40.31
74 9 762.86
74 10 995.4
74 11 485.87
74 12 858.87
74 13 783.0
74 14 496.67
74 15 340.93
74 16 977.41
74 17 983.7
74 18 815.28
74 19 315.59
74 20 466.82
74 21 121.29
74 22 193.74
74 23 393.6
74 24 659.74
74 25 147.81
74 27 721.73
74 28 209.19
74 29 308.98
74 31 136.61
74 32 397.21
74 33 462.64
74 35 907.91
74 37 255.79
74 38 985.66
74 39 935.24
74 41 765.6
74 42 312.3
74 43 366.14
74 44 123.45
74 46 571.62
74 48 31.08
74 49 811.4
74 50 36.61
74 52 794.01
74 53 261.29
74 54 941.13
74 55 432.91
74 57 714.44
74 58 415.32
74 60 77.87
74 61 672.67
74 62 326.08
74 63 938.67
74 66 427.11
74 67 244.24
74 69 926.45
74 73 10.52
74 75 334.5
75 2 24.51
75 3 210.55
75 7 784.47
75 8 73.36
75 9 236.56
75 10 188.79
75 11 545.86
75 12 673.06
75 13 641.09
75 14 629.79
75 15 654.03
75 16 390.67
75 17 344.88
75 18 931.63
75 19 591.38
75 21 663.97
75 23 271.31
75 24 48.29
75 25 122.76
75 26 187.3
75 27 442.8
75 28 921.38
75 29 54.46
75 30 847.49
75 33 855.67
75 35 611.7
75 36 544.49
75 37 446.09
75 38 66.87
75 39 806.27
75 40 435.09
75 41 121.39
75 42 625.57
75 43 732.29
75 44 722.23
75 45 743.97
75 46 166.58
75 47 135.7
75 48 864.75
75 49 992.2
75 51 430.79
75 52 211.58
75 53 259.83
75 54 600.55
75 56 345.54
75 58 836.28
75 59 17.09
75 60 114.53
75 62 220.58
75 63 962.28
75 64 623.68
75 65 339.33
75 66 734.39
75 67 647.36
75 69 981.96
75 70 801.35
75 71 207.36
75 72 530.95
75 73 740.58
75 74 554.47
75 75 907.92
75 76 521.29
76 0 981.74
76 1 833.35
76 3 597.57
76 4 8.18
76 6 82.02
76 7 454.01
76 8 393.33
76 9 200.06
76 10 655.53
76 11 792.98
76 12 899.21
76 13 915.6
76 14 720.59
76 15 133.78
76 16 786.36
76 17 591.18
76 19 61.94
76 20 401.85
76 21 973.79
76 23 184.16
76 24 656.42
76 25 269.57
76 26 338.94
76 27 728.14
76 28 599.59
76 29 887.44
76 30 2.75
76 32 523.62
76 33 367.82
76 35 343.58
76 36 657.57
76 37 610.59
76 38 189.81
76 39 675.69
76 41 457.56
76 42 225.28
76 43 249.98
76 46 16.65
76 47 308.05
76 49 222.21
76 50 721.28
76 51 812.14
76 54 148.49
76 55 560.28
76 56 529.21
76 57 64.16
76 60 792.55
76 62 504.96
76 63 391.12
76 64 595.23
76 65 809.09
76 66 513.16
76 68 486.64
76 69 638.57
76 70 946.1
76 71 417.31
76 72 298.09
76 73 883.76
76 74 322.28
76 75 310.46
76 76 133.81
76 77 580.51
77 0 734.97
77 1 610.4
77 2 766.21
77 3 588.34
77 4 102.97
77 5 87.49
77 6 457.07
77 7 330.55
77 8 183.27
77 10 806.68
77 11 950.76
77 13 666.95
77 14 209.1
77 15 962.9
77 16 7.72
77 17 574.31
77 18 44.29
77 19 157.18
77 20 524.14
77 22 327.87
77 23 298.59
77 24 422.46
77 25 474.34
77 26 544.49
77 27 233.35
77 28 397.63
77 29 379.49
77 31 774.85
77 32 214.33
77 33 6.61
77 34 585.43
77 35 905.15
77 37 503.87
77 38 351.2
77 39 541.78
77 40 758.93
77 41 997.8
77 42 964.1
77 43 804.03
77 44 40.16
77 45 851.42
77 46 451.61
77 49 191.82
77 50 884.49
77 51 433.4
77 52 937.61
77 53 8.83
77 54 211.57
77 55 734.86
77 56 612.44
77 57 365.21
77 58 352.56
77 59 789.61
77 60 885.62
77 61 341.73
77 62 62.15
77 64 365.37
77 65 511.24
77 67 778.03
77 68 854.06
77 69 289.35
77 70 416.52
77 72 320.03
77 74 312.34
77 76 653.21
77 77 381.85
