0 0 126.74
0 1 397.19
0 2 783.18
0 3 806.21
0 5 115.91
0 6 603.63
0 7 441.59
0 8 353.28
0 9 775.23
0 10 747.06
0 11 897.17
0 12 928.05
0 14 506.53
0 15 997.31
0 16 90.6
0 17 861.68
0 18 641.56
0 20 635.83
1 0 926.73
1 1 35.24
1 2 549.18
1 3 203.32
1 4 315.26
1 5 850.63
1 6 63.18
1 7 445.49
1 8 101.81
1 9 616.84
1 11 338.18
1 12 4.22
1 13 545.24
1 15 523.39
1 16 541.16
1 18 721.79
1 19 612.61
1 20 616.37
1 21 827.72
2 0 275.31
2 1 251.17
2 2 136.32
2 3 987.39
2 6 971.3
2 8 684.28
2 9 362.64
2 10 141.51
2 11 82.96
2 12 531.8
2 13 646.78
2 14 261.81
2 16 319.79
2 17 114.27
2 18 956.15
2 19 219.59
2 20 317.11
2 21 502.35
3 0 887.47
3 1 229.43
3 2 308.37
3 3 563.71
3 4 213.95
3 5 168.23
3 6 842.22
3 7 894.2
3 8 46.69
3 9 728.13
3 10 370.81
3 11 525.77
3 12 746.74
3 15 929.61
3 17 788.18
3 18 716.53
3 19 830.7
3 20 162.91
3 21 134.59
4 1 434.73
4 2 414.39
4 5 920.78
4 6 608.73
4 7 880.27
4 8 66.61
4 9 574.78
4 10 528.82
4 11 17.25
4 13 964.12
4 14 378.73
4 15 78.15
4 16 57.88
4 17 365.7
4 18 385.51
4 19 824.71
4 20 709.15
4 21 426.09
5 0 75.46
5 2 850.66
5 3 944.32
5 4 98.86
5 5 960.79
5 8 908.1
5 10 274.07
5 11 877.2
5 12 133.41
5 15 599.16
5 16 902.59
5 17 621.55
5 18 99.86
5 20 253.74
5 21 370.15
6 0 694.13
6 1 300.71
6 2 524.92
6 3 737.01
6 4 53.83
6 5 359.51
6 6 899.17
6 7 171.08
6 8 273.98
6 9 212.91
6 10 519.34
6 12 345.33
6 13 533.51
6 14 715.74
6 15 527.23
6 17 927.77
6 18 875.66
6 19 13.08
6 21 517.31
7 0 993.59
7 1 163.62
7 2 307.93
7 3 316.1
7 5 966.5
7 6 878.52
7 7 837.89
7 8 976.75
7 9 667.84
7 10 197.23
7 11 687.59
7 12 270.46
7 13 666.51
7 14 150.27
7 15 700.99
7 16 373.72
7 17 733.01
7 18 5.29
7 19 594.86
7 20 64.85
7 21 735.53
8 0 557.01
8 1 431.0
8 2 549.79
8 3 347.7
8 4 703.15
8 6 80.59
8 7 381.44
8 8 249.2
8 9 615.9
8 10 674.44
8 11 909.51
8 12 613.49
8 13 1.45
8 15 444.96
8 16 613.23
8 18 392.64
8 19 460.92
8 20 985.94
8 21 446.57
9 1 573.81
9 2 780.35
9 3 200.82
9 4 292.99
9 5 752.35
9 6 226.8
9 8 302.54
9 9 848.97
9 10 608.07
9 11 22.74
9 12 956.89
9 13 307.68
9 14 457.37
9 15 534.88
9 17 725.96
9 18 812.7
9 19 915.12
9 20 893.36
9 21 286.43
10 0 269.25
10 1 130.49
10 2 925.0
10 4 385.22
10 6 286.03
10 7 13.51
10 8 873.29
10 10 311.24
10 11 364.19
10 12 916.3
10 13 626.41
10 14 871.8
10 18 832.57
10 19 228.31
10 20 895.74
11 0 628.13
11 2 718.16
11 3 193.23
11 4 582.52
11 5 791.35
11 6 266.66
11 7 386.12
11 8 620.83
11 9 863.05
11 11 381.92
11 12 642.17
11 14 143.83
11 15 652.61
11 16 244.44
11 18 360.22
11 19 462.77
12 0 866.54
12 2 794.01
12 3 577.65
12 4 612.11
12 5 711.46
12 6 203.77
12 7 549.89
12 8 485.14
12 9 740.01
12 10 349.31
12 13 561.85
12 15 925.91
12 16 830.83
12 17 145.8
12 18 551.69
12 19 114.9
12 20 552.63
12 21 363.9
13 0 676.53
13 1 171.73
13 2 367.63
13 3 966.58
13 4 296.89
13 5 96.31
13 6 310.24
13 7 163.53
13 10 658.69
13 11 832.88
13 12 856.64
13 13 796.66
13 14 660.88
13 15 285.35
13 16 475.18
13 17 162.99
13 18 328.53
13 20 72.27
13 21 229.15
14 0 325.01
14 1 591.37
14 2 950.24
14 3 390.34
14 5 168.03
14 6 623.49
14 7 87.38
14 8 983.37
14 9 969.45
14 12 946.58
14 13 574.36
14 14 722.72
14 15 748.81
14 16 622.88
14 17 663.57
14 18 816.69
14 19 994.97
14 20 619.51
14 21 865.51
15 0 261.98
15 1 176.11
15 2 319.58
15 4 427.03
15 5 246.44
15 6 736.41
15 8 308.73
15 11 320.53
15 12 457.02
15 13 811.77
15 14 459.82
15 15 289.32
15 16 988.43
15 17 391.25
15 18 436.82
15 19 367.08
15 20 764.98
15 21 906.64
16 0 45.83
16 1 85.37
16 2 558.14
16 3 797.46
16 4 239.5
16 5 454.5
16 6 251.6
16 7 575.64
16 8 145.5
16 9 988.77
16 10 861.94
16 11 300.57
16 12 375.52
16 13 760.9
16 15 242.2
16 16 390.24
16 17 344.59
16 20 917.25
16 21 249.44
17 0 319.22
17 1 908.5
17 2 791.16
17 3 419.23
17 4 881.41
17 5 457.01
17 6 688.42
17 7 573.42
17 8 979.48
17 9 767.55
17 10 686.71
17 12 268.01
17 13 702.09
17 14 104.17
17 15 540.93
17 16 297.37
17 17 878.37
17 18 938.71
17 19 637.64
17 21 261.36
18 1 59.46
18 3 115.48
18 4 121.79
18 5 826.69
18 7 310.45
18 8 883.57
18 9 492.74
18 10 441.94
18 11 245.51
18 12 707.12
18 13 986.32
18 14 629.36
18 17 264.8
18 18 291.06
18 19 799.8
18 20 277.45
18 21 15.79
19 0 745.59
19 1 129.0
19 3 339.18
19 4 737.02
19 5 275.06
19 6 594.73
19 7 595.25
19 10 37.86
19 11 694.74
19 12 46.36
19 13 138.01
19 14 496.44
19 15 491.59
19 17 699.44
19 18 749.95
19 20 564.44
19 21 609.05
20 1 994.97
20 2 348.28
20 3 496.92
20 4 483.39
20 6 184.9
20 7 803.09
20 8 499.42
20 9 431.07
20 10 280.64
20 11 100.44
20 12 343.33
20 13 744.92
20 14 812.84
20 15 5.85
20 16 972.22
20 17 504.57
20 18 669.0
20 19 435.38
20 21 961.11
21 0 353.74
21 1 926.54
21 2 362.4
21 3 137.9
21 4 376.93
21 5 257.14
21 6 543.89
21 7 768.94
21 9 286.54
21 11 166.2
21 12 311.57
21 13 1.24
21 14 494.45
21 15 575.54
21 16 551.04
21 17 921.95
21 18 889.29
21 19 792.0
21 20 653.8
21 21 546.56
