0 0 995.98
0 1 398.46
0 2 220.38
0 3 546.66
0 4 974.86
0 5 647.71
0 6 562.48
0 7 305.95
0 8 683.75
0 10 572.0
0 12 553.13
0 13 278.11
0 14 296.79
0 15 180.88
0 16 406.29
0 17 288.16
0 19 911.5
0 21 48.01
0 23 33.48
0 24 819.27
0 25 807.08
0 26 67.6
0 29 39.31
0 31 384.29
0 32 506.76
0 33 25.43
0 34 153.72
0 35 299.28
0 36 664.53
0 37 159.85
0 38 955.62
0 41 145.23
0 42 128.18
0 45 520.87
0 46 297.44
0 47 251.25
0 48 343.53
0 50 461.64
0 52 793.44
0 53 507.3
0 54 758.35
0 55 831.8
0 56 159.02
0 57 924.95
0 58 260.37
0 59 203.21
1 1 41.66
1 2 104.33
1 3 201.76
1 5 980.67
1 6 379.61
1 7 911.29
1 8 680.21
1 10 992.97
1 12 778.23
1 13 458.41
1 14 497.87
1 15 143.59
1 16 774.34
1 19 254.02
1 20 634.32
1 21 885.64
1 22 563.45
1 23 324.95
1 24 909.19
1 25 11.72
1 26 595.24
1 27 75.54
1 28 177.14
1 29 5.23
1 30 589.89
1 31 538.25
1 33 363.32
1 34 736.36
1 36 66.87
1 37 383.58
1 38 861.82
1 40 314.51
1 41 64.27
1 42 495.84
1 44 772.76
1 45 571.94
1 46 960.29
1 47 278.32
1 48 928.82
1 49 764.53
1 50 263.73
1 51 363.78
1 52 398.99
1 53 323.09
1 54 179.57
1 55 620.15
1 57 245.51
1 58 230.01
1 59 545.6
2 0 589.41
2 1 794.1
2 2 377.63
2 3 272.26
2 4 115.06
2 5 403.42
2 6 18.2
2 7 332.84
2 8 908.43
2 9 40.2
2 10 212.95
2 11 646.39
2 12 926.82
2 13 55.01
2 17 323.92
2 18 777.07
2 19 859.25
2 20 824.64
2 21 661.79
2 22 677.79
2 23 79.45
2 24 664.45
2 25 441.55
2 29 37.39
2 30 339.73
2 31 353.48
2 32 376.78
2 33 939.15
2 34 684.58
2 35 977.41
2 37 860.21
2 40 410.15
2 42 881.26
2 43 115.99
2 44 974.87
2 45 727.4
2 47 352.47
2 48 223.4
2 49 555.63
2 50 285.88
2 51 776.28
2 52 615.66
2 53 315.06
2 54 112.58
2 55 706.72
2 57 946.24
2 58 684.96
2 59 102.52
3 0 394.5
3 1 60.09
3 3 589.75
3 4 369.82
3 6 636.82
3 7 770.49
3 8 147.98
3 9 459.61
3 12 78.61
3 13 147.98
3 14 642.04
3 16 179.58
3 17 724.98
3 18 23.16
3 19 611.94
3 20 13.14
3 22 531.03
3 23 244.49
3 24 573.16
3 26 97.06
3 28 313.16
3 29 287.47
3 30 188.8
3 32 239.63
3 33 506.08
3 35 459.63
3 36 400.08
3 37 579.05
3 39 125.87
3 40 67.63
3 41 361.79
3 42 607.99
3 43 436.18
3 47 670.95
3 51 139.27
3 52 345.99
3 53 920.7
3 54 502.57
3 57 541.48
3 58 905.67
3 59 536.67
4 0 118.59
4 1 244.71
4 2 510.43
4 3 334.09
4 5 106.2
4 6 289.26
4 7 548.35
4 8 525.86
4 9 237.65
4 10 37.47
4 11 240.01
4 12 242.56
4 14 903.17
4 15 123.31
4 16 467.43
4 17 31.08
4 18 990.7
4 19 210.36
4 20 895.92
4 21 538.99
4 23 714.2
4 24 700.85
4 25 270.56
4 26 332.18
4 27 317.2
4 28 143.54
4 29 787.35
4 31 680.76
4 32 418.49
4 33 959.76
4 34 903.96
4 35 890.67
4 36 821.22
4 37 688.56
4 38 607.22
4 39 415.54
4 41 512.31
4 43 673.55
4 45 428.59
4 46 272.12
4 47 582.13
4 48 980.49
4 49 484.75
4 50 397.45
4 52 253.81
4 53 785.9
4 54 135.05
4 55 533.38
4 56 91.68
4 57 816.4
4 58 932.72
4 59 590.28
5 1 733.99
5 2 482.7
5 3 799.82
5 4 719.36
5 5 247.37
5 6 309.25
5 8 996.93
5 9 976.96
5 10 324.84
5 11 315.43
5 14 862.79
5 15 279.08
5 17 307.81
5 18 195.01
5 19 212.48
5 20 916.28
5 21 941.17
5 22 867.94
5 23 584.21
5 24 622.67
5 25 356.05
5 26 960.68
5 27 269.01
5 28 667.41
5 29 556.35
5 30 327.89
5 31 383.13
5 32 878.34
5 34 646.2
5 35 138.07
5 36 560.61
5 37 700.1
5 39 895.58
5 40 662.24
5 41 615.79
5 42 280.42
5 43 136.52
5 44 360.84
5 45 636.71
5 46 647.7
5 48 342.13
5 50 281.58
5 51 669.62
5 52 415.32
5 53 207.19
5 54 354.49
5 56 349.6
5 57 26.79
5 58 133.9
5 59 243.58
6 2 430.24
6 4 238.25
6 5 790.1
6 6 243.17
6 7 932.06
6 8 494.52
6 10 505.18
6 11 395.51
6 12 900.29
6 13 593.69
6 14 713.6
6 15 788.48
6 16 9.9
6 17 935.09
6 18 58.33
6 19 130.23
6 20 402.94
6 21 956.45
6 22 67.87
6 24 975.71
6 25 139.34
6 27 634.66
6 28 590.75
6 29 59.24
6 31 993.81
6 32 751.2
6 33 908.1
6 34 494.64
6 35 284.59
6 36 197.16
6 37 592.96
6 38 948.64
6 39 730.69
6 40 466.0
6 41 702.32
6 42 43.27
6 43 550.61
6 44 665.76
6 45 541.53
6 46 681.6
6 47 779.02
6 48 919.32
6 50 416.05
6 52 843.62
6 54 56.77
6 55 819.75
6 57 500.04
6 58 266.04
6 59 948.85
7 0 247.08
7 1 173.7
7 2 283.86
7 3 232.09
7 4 563.68
7 5 346.62
7 7 857.35
7 9 789.34
7 10 752.51
7 11 484.9
7 12 507.93
7 13 211.84
7 14 120.79
7 16 626.82
7 17 199.76
7 19 837.82
7 21 816.7
7 22 600.26
7 23 428.15
7 25 725.82
7 27 673.37
7 29 861.87
7 30 346.74
7 31 270.37
7 32 282.4
7 33 706.23
7 35 400.38
7 36 446.72
7 37 726.55
7 38 229.53
7 39 517.05
7 40 341.41
7 42 992.62
7 43 232.85
7 44 667.79
7 45 486.85
7 46 705.07
7 47 471.89
7 48 213.16
7 49 974.76
7 51 770.76
7 52 849.37
7 53 56.18
7 54 189.03
7 55 510.38
7 56 291.0
7 57 280.24
8 0 333.61
8 1 720.43
8 2 596.54
8 3 747.14
8 6 639.38
8 7 945.15
8 9 154.1
8 10 477.31
8 11 190.05
8 12 460.8
8 15 494.32
8 16 203.36
8 17 599.94
8 18 711.97
8 19 285.83
8 20 126.17
8 21 74.52
8 22 68.25
8 25 466.42
8 27 465.28
8 29 513.04
8 30 65.78
8 31 43.33
8 32 571.49
8 34 624.12
8 36 186.07
8 37 957.55
8 39 766.4
8 41 735.1
8 42 808.39
8 43 540.09
8 44 38.55
8 45 359.67
8 47 395.49
8 48 839.09
8 49 832.74
8 50 3.21
8 51 770.88
8 52 305.5
8 54 350.93
8 55 88.24
8 56 675.19
8 57 774.18
8 58 56.89
8 59 763.32
9 0 101.08
9 1 903.8
9 2 855.86
9 3 287.8
9 4 574.82
9 5 17.55
9 6 33.2
9 7 565.65
9 8 498.71
9 9 679.42
9 10 73.1
9 11 729.46
9 13 181.35
9 14 863.92
9 16 414.53
9 18 317.19
9 19 928.25
9 20 452.99
9 21 824.85
9 22 242.38
9 23 846.86
9 24 819.68
9 25 667.28
9 27 459.92
9 28 479.25
9 29 550.89
9 30 343.49
9 31 440.07
9 32 185.9
9 33 520.12
9 34 769.28
9 38 730.37
9 39 153.06
9 40 559.23
9 41 166.7
9 42 260.01
9 43 133.59
9 44 704.58
9 45 270.41
9 46 975.69
9 47 51.94
9 48 102.13
9 50 822.63
9 54 586.58
9 55 615.67
9 56 337.38
9 57 370.55
9 58 679.26
9 59 22.04
10 0 437.19
10 2 225.12
10 4 803.63
10 5 703.3
10 6 325.64
10 8 298.65
10 9 182.59
10 10 974.89
10 11 41.06
10 15 826.43
10 17 152.12
10 18 37.88
10 19 226.38
10 20 577.93
10 21 141.34
10 22 904.5
10 23 376.26
10 24 230.05
10 25 109.95
10 26 317.42
10 27 138.75
10 28 310.96
10 29 552.44
10 30 429.28
10 31 156.21
10 33 873.69
10 35 416.99
10 38 547.07
10 39 985.89
10 40 494.81
10 41 807.17
10 43 952.27
10 44 501.51
10 45 700.41
10 46 976.66
10 47 627.08
10 48 170.7
10 52 962.32
10 53 85.06
10 54 115.25
10 56 873.28
10 57 2.95
10 58 895.95
10 59 257.34
11 0 422.32
11 1 571.5
11 2 191.54
11 3 19.15
11 6 143.33
11 7 794.64
11 8 832.71
11 9 174.55
11 10 38.04
11 11 29.28
11 12 851.31
11 13 357.13
11 14 195.65
11 15 945.93
11 16 228.43
11 17 51.8
11 18 708.76
11 19 549.15
11 20 176.44
11 21 871.57
11 22 404.19
11 23 910.04
11 26 274.49
11 29 363.74
11 30 50.62
11 31 500.07
11 32 900.52
11 33 464.46
11 34 420.07
11 36 697.27
11 38 531.34
11 40 503.63
11 41 534.5
11 42 416.31
11 43 199.93
11 44 175.21
11 45 372.74
11 46 45.44
11 47 426.61
11 49 699.67
11 50 52.76
11 51 918.3
11 52 448.32
11 53 112.64
11 54 290.54
11 55 133.81
11 56 853.43
11 58 723.28
11 59 800.61
12 0 544.67
12 1 303.94
12 3 989.78
12 4 204.34
12 5 551.54
12 6 768.47
12 7 75.0
12 8 413.52
12 10 852.87
12 12 435.87
12 13 154.32
12 14 260.71
12 15 884.17
12 16 128.37
12 17 986.16
12 18 69.88
12 19 391.63
12 20 45.78
12 21 420.61
12 23 278.03
12 24 883.38
12 25 133.29
12 28 936.03
12 29 718.19
12 31 982.91
12 32 68.43
12 33 713.77
12 35 254.93
12 36 343.47
12 37 904.81
12 39 40.61
12 41 980.8
12 42 539.03
12 43 74.21
12 44 855.73
12 45 738.01
12 46 87.21
12 47 676.87
12 48 381.5
12 49 749.87
12 51 854.82
12 52 90.66
12 53 603.82
12 54 287.42
12 56 297.35
12 57 487.31
12 59 761.29
13 0 318.07
13 1 860.5
13 2 76.45
13 3 760.97
13 4 493.72
13 6 235.15
13 9 107.57
13 10 451.66
13 11 81.95
13 13 368.97
13 14 128.69
13 15 221.46
13 16 209.53
13 17 333.58
13 18 596.2
13 19 61.91
13 20 494.74
13 21 649.2
13 22 540.87
13 23 947.89
13 24 737.39
13 25 905.24
13 27 308.86
13 28 454.93
13 29 42.53
13 30 157.82
13 31 742.24
13 32 992.12
13 33 79.26
13 36 123.04
13 37 776.11
13 38 652.11
13 39 496.49
13 40 617.58
13 41 831.39
13 42 350.08
13 43 659.54
13 44 597.94
13 45 130.73
13 46 935.98
13 47 9.52
13 48 302.45
13 50 789.19
13 51 652.59
13 52 778.03
13 54 162.44
13 55 720.93
13 56 453.91
13 57 561.47
13 58 184.52
14 0 791.48
14 1 466.8
14 3 618.36
14 4 380.62
14 5 735.58
14 7 890.79
14 9 645.67
14 10 757.78
14 11 256.39
14 13 932.37
14 14 393.94
14 15 569.04
14 16 152.68
14 17 578.58
14 18 314.13
14 19 188.88
14 21 392.59
14 22 65.19
14 23 609.18
14 24 725.07
14 25 409.84
14 30 85.62
14 31 811.23
14 32 116.93
14 35 991.58
14 37 407.8
14 38 337.5
14 39 757.36
14 40 455.43
14 41 739.54
14 44 965.21
14 45 156.65
14 46 45.43
14 47 119.49
14 48 864.66
14 49 481.63
14 50 396.66
14 53 89.61
14 54 453.82
14 55 370.33
14 56 378.38
14 58 828.42
14 59 283.14
15 0 528.21
15 1 608.98
15 2 286.88
15 3 139.28
15 4 785.28
15 5 557.42
15 6 484.25
15 8 437.97
15 9 406.26
15 10 598.43
15 11 659.69
15 13 544.29
15 15 663.2
15 17 318.23
15 18 168.29
15 19 368.69
15 20 31.67
15 21 796.74
15 22 319.97
15 24 997.44
15 25 688.17
15 26 529.16
15 27 818.58
15 28 209.87
15 29 841.15
15 30 282.33
15 32 565.95
15 33 18.36
15 34 370.61
15 35 59.45
15 37 279.67
15 38 48.92
15 39 737.03
15 42 747.95
15 43 203.18
15 44 65.98
15 45 637.81
15 46 255.25
15 48 111.22
15 49 543.13
15 50 747.44
15 51 202.01
15 52 383.12
15 53 935.64
15 54 224.74
15 55 815.85
15 57 482.93
15 58 893.64
15 59 923.4
16 0 338.06
16 1 784.43
16 3 47.43
16 4 839.76
16 5 81.52
16 6 38.82
16 9 848.73
16 11 763.19
16 12 69.49
16 13 573.37
16 14 926.49
16 15 890.16
16 17 563.72
16 18 593.41
16 20 77.96
16 21 474.88
16 23 667.19
16 24 393.34
16 25 563.62
16 26 391.38
16 28 578.62
16 29 842.0
16 30 517.46
16 31 747.06
16 32 433.53
16 33 83.08
16 35 407.35
16 36 755.76
16 38 102.28
16 39 449.9
16 40 321.19
16 41 451.77
16 42 469.78
16 44 942.45
16 46 728.73
16 47 45.01
16 48 952.06
16 50 694.72
16 51 321.77
16 53 120.06
16 54 28.56
16 55 345.24
16 56 663.36
16 57 784.81
16 58 640.18
16 59 238.17
17 0 373.61
17 4 253.97
17 6 970.46
17 7 704.25
17 8 852.25
17 9 825.32
17 11 78.22
17 12 982.62
17 13 294.07
17 14 88.41
17 15 966.04
17 16 427.28
17 17 452.9
17 18 456.48
17 19 521.37
17 20 549.41
17 22 380.09
17 23 139.11
17 24 697.0
17 28 774.7
17 30 733.29
17 32 73.75
17 33 628.32
17 34 169.44
17 35 711.86
17 36 643.73
17 37 647.56
17 39 223.18
17 40 516.42
17 41 205.1
17 44 13.07
17 45 988.09
17 46 102.28
17 47 961.86
17 48 103.72
17 49 29.83
17 51 327.74
17 53 84.69
17 55 914.93
17 56 391.49
17 57 395.44
17 59 642.38
18 0 69.51
18 1 933.29
18 2 691.79
18 3 379.99
18 4 755.79
18 6 676.65
18 7 559.38
18 8 103.02
18 9 498.41
18 10 847.18
18 12 919.21
18 13 691.12
18 14 573.31
18 15 861.55
18 16 642.61
18 19 213.17
18 20 297.61
18 23 93.99
18 24 152.21
18 26 754.54
18 27 863.98
18 28 314.25
18 31 959.27
18 32 614.18
18 33 465.9
18 34 932.28
18 35 725.4
18 36 840.1
18 37 431.49
18 38 86.35
18 39 249.19
18 40 731.71
18 41 826.37
18 42 491.7
18 43 564.62
18 44 496.01
18 46 459.62
18 48 808.66
18 51 417.96
18 52 1.69
18 53 910.29
18 54 23.22
18 55 752.99
18 56 27.57
18 57 597.02
18 58 618.12
19 0 383.03
19 1 783.39
19 2 706.1
19 3 134.5
19 4 205.94
19 6 470.26
19 7 240.4
19 9 956.5
19 10 676.05
19 11 20.47
19 12 470.07
19 13 340.46
19 15 760.29
19 17 566.34
19 18 99.11
19 19 57.16
19 20 680.78
19 21 584.54
19 22 288.2
19 23 45.8
19 24 518.93
19 25 502.48
19 27 704.34
19 29 413.26
19 30 72.68
19 31 540.48
19 32 687.12
19 33 949.14
19 36 619.63
19 37 573.82
19 38 624.33
19 39 604.62
19 40 217.82
19 42 874.57
19 45 371.93
19 46 858.35
19 47 174.64
19 48 843.23
19 49 40.65
19 50 974.61
19 51 934.35
19 52 707.65
19 53 847.6
19 54 443.12
19 55 785.77
19 56 902.7
19 57 415.68
19 58 976.74
19 59 60.09
20 0 639.53
20 2 388.26
20 4 171.94
20 5 716.82
20 6 77.44
20 8 2.94
20 9 582.12
20 10 640.62
20 11 730.37
20 12 137.46
20 13 460.47
20 14 681.23
20 15 955.81
20 16 122.75
20 17 772.47
20 18 606.85
20 19 443.01
20 20 922.09
20 21 286.87
20 22 964.23
20 23 767.31
20 24 569.81
20 27 846.77
20 28 674.45
20 30 609.51
20 31 393.24
20 32 889.77
20 33 63.86
20 34 902.89
20 35 866.68
20 36 372.75
20 37 162.26
20 38 471.4
20 39 866.0
20 41 266.19
20 42 16.96
20 43 830.0
20 44 500.07
20 45 617.02
20 46 661.22
20 47 378.55
20 50 578.21
20 51 67.37
20 54 950.68
20 55 297.05
20 57 840.49
20 58 900.25
21 0 401.61
21 1 309.89
21 2 209.37
21 3 316.15
21 4 959.66
21 5 77.3
21 6 713.2
21 8 916.45
21 9 71.18
21 11 450.39
21 12 233.42
21 13 72.43
21 14 741.04
21 15 901.14
21 18 24.98
21 20 652.68
21 21 251.08
21 22 849.99
21 23 966.08
21 24 174.69
21 25 50.54
21 26 811.21
21 27 82.64
21 28 941.38
21 30 28.76
21 31 873.45
21 34 744.01
21 36 295.73
21 37 496.59
21 38 139.07
21 39 430.45
21 40 552.81
21 41 881.37
21 43 624.33
21 46 484.57
21 47 208.01
21 49 768.46
21 50 222.25
21 51 658.18
21 52 75.57
21 53 682.6
21 54 642.93
21 55 115.18
21 56 693.26
21 57 448.08
21 58 117.72
22 0 458.51
22 1 147.36
22 2 704.52
22 4 641.71
22 5 227.26
22 6 717.15
22 7 146.73
22 8 883.91
22 9 70.05
22 10 995.24
22 11 984.52
22 12 352.84
22 13 922.66
22 15 723.21
22 16 381.12
22 17 513.75
22 18 662.55
22 19 877.17
22 20 719.0
22 22 810.76
22 23 287.0
22 24 465.81
22 25 821.02
22 26 647.76
22 27 154.58
22 28 434.66
22 29 479.09
22 31 172.59
22 32 460.71
22 33 304.16
22 34 697.5
22 35 535.12
22 36 123.62
22 37 87.2
22 39 199.42
22 40 156.46
22 42 278.68
22 43 351.79
22 44 144.87
22 45 310.68
22 46 618.03
22 47 886.13
22 48 192.81
22 49 931.02
22 50 441.44
22 51 545.61
22 53 293.51
22 54 859.08
22 55 273.86
22 56 969.29
22 57 69.38
22 58 215.86
23 0 418.8
23 1 635.82
23 3 970.79
23 6 856.89
23 7 122.76
23 9 729.97
23 10 849.51
23 11 458.44
23 13 592.85
23 15 289.04
23 16 892.8
23 18 121.13
23 19 648.88
23 20 433.69
23 21 313.64
23 22 898.01
23 23 982.37
23 25 836.04
23 26 900.07
23 27 819.92
23 28 157.27
23 30 150.73
23 31 259.55
23 32 422.5
23 33 717.2
23 34 145.42
23 35 761.88
23 38 777.3
23 39 592.53
23 40 954.28
23 41 552.78
23 42 809.07
23 43 97.17
23 45 214.53
23 46 418.79
23 47 403.61
23 48 970.27
23 49 722.57
23 50 559.28
23 51 561.44
23 52 177.47
23 54 51.31
23 56 5.58
23 57 197.67
23 58 817.7
24 0 26.43
24 1 996.65
24 2 330.46
24 4 510.52
24 5 108.82
24 6 665.81
24 7 638.43
24 8 118.53
24 9 5.22
24 10 467.26
24 11 730.38
24 12 681.68
24 13 728.95
24 15 888.75
24 17 306.59
24 18 395.11
24 19 661.84
24 20 225.58
24 21 666.32
24 23 179.99
24 24 902.77
24 25 200.78
24 26 548.66
24 27 780.26
24 28 207.35
24 29 783.51
24 30 413.58
24 31 362.23
24 34 378.26
24 35 425.25
24 36 91.78
24 37 97.88
24 38 806.78
24 39 591.98
24 41 832.7
24 42 239.24
24 43 541.92
24 44 589.62
24 46 216.67
24 47 87.64
24 49 205.26
24 50 395.64
24 51 89.31
24 53 970.91
24 54 83.52
24 55 701.3
24 56 503.99
24 57 288.22
24 58 719.12
24 59 149.68
25 0 69.34
25 1 476.73
25 3 591.45
25 4 89.59
25 5 835.47
25 6 526.7
25 7 637.95
25 8 145.85
25 9 814.57
25 10 181.29
25 13 43.55
25 15 897.95
25 16 116.46
25 17 824.29
25 19 879.97
25 20 1.32
25 21 219.35
25 22 723.94
25 23 351.1
25 26 239.33
25 27 611.59
25 29 978.5
25 30 138.1
25 31 973.91
25 32 681.68
25 33 595.14
25 35 129.78
25 36 882.89
25 37 12.12
25 38 493.73
25 39 20.59
25 40 475.76
25 41 263.18
25 46 446.85
25 48 995.92
25 49 305.16
25 50 538.57
25 51 853.54
25 52 776.62
25 53 498.79
25 54 85.41
25 55 318.43
25 57 468.95
25 58 221.39
25 59 183.36
26 2 616.51
26 4 247.65
26 5 102.53
26 8 672.58
26 9 636.39
26 10 288.93
26 11 374.79
26 12 691.38
26 14 381.24
26 15 56.96
26 16 656.79
26 17 171.55
26 18 402.64
26 19 521.94
26 20 333.87
26 21 116.73
26 22 965.66
26 23 19.39
26 25 5.52
26 26 34.81
26 27 806.69
26 29 825.94
26 31 751.31
26 32 570.61
26 34 679.31
26 35 342.1
26 37 572.23
26 38 955.68
26 39 355.5
26 40 343.02
26 41 584.2
26 43 830.22
26 44 393.81
26 45 52.06
26 46 772.7
26 47 535.44
26 48 165.17
26 49 175.16
26 50 754.69
26 51 43.51
26 52 481.16
26 53 134.44
26 54 734.23
26 55 522.07
26 56 445.31
26 59 382.25
27 0 814.8
27 1 753.23
27 2 492.11
27 3 634.28
27 4 566.54
27 5 172.03
27 7 502.69
27 8 226.3
27 10 313.16
27 11 816.46
27 12 938.47
27 13 127.05
27 15 98.78
27 16 712.39
27 18 266.92
27 19 228.21
27 20 154.61
27 21 84.41
27 22 478.15
27 23 629.05
27 24 441.35
27 25 648.64
27 26 702.14
27 28 71.83
27 29 726.27
27 30 560.65
27 31 574.77
27 32 218.35
27 33 718.01
27 34 85.61
27 35 43.25
27 37 636.27
27 38 335.81
27 39 135.43
27 40 305.9
27 42 67.45
27 43 493.37
27 44 559.7
27 45 168.89
27 46 101.44
27 47 119.6
27 48 782.75
27 49 966.85
27 50 823.98
27 51 642.78
27 53 966.94
27 54 373.55
27 57 752.05
27 59 694.08
28 0 530.64
28 1 937.01
28 2 318.77
28 3 957.06
28 4 825.28
28 6 520.36
28 8 191.0
28 9 664.75
28 11 491.31
28 12 455.43
28 13 733.33
28 14 832.24
28 15 441.37
28 16 453.48
28 17 645.46
28 19 562.41
28 20 102.01
28 21 698.41
28 22 723.81
28 23 273.42
28 24 135.47
28 25 385.92
28 26 871.63
28 27 334.94
28 28 613.02
28 29 172.16
28 30 569.34
28 32 322.32
28 33 666.67
28 34 22.64
28 35 699.34
28 36 281.2
28 37 423.57
28 38 594.2
28 39 382.5
28 41 931.79
28 42 500.92
28 45 704.19
28 46 359.16
28 47 552.44
28 48 687.42
28 49 975.51
28 50 174.52
28 51 693.3
28 52 959.64
28 53 180.67
28 54 410.32
28 55 501.31
28 56 680.38
28 59 30.28
29 0 288.47
29 1 315.8
29 2 140.43
29 3 718.35
29 7 189.36
29 8 326.07
29 9 440.09
29 10 3.8
29 11 727.69
29 12 59.59
29 13 697.32
29 14 262.19
29 15 737.69
29 16 341.8
29 17 15.88
29 18 756.72
29 19 851.82
29 21 32.74
29 22 185.39
29 23 309.91
29 24 809.52
29 25 687.08
29 26 741.0
29 27 333.48
29 28 599.24
29 30 650.83
29 31 238.11
29 33 737.68
29 34 625.79
29 35 65.3
29 36 871.0
29 37 841.39
29 39 180.74
29 40 195.17
29 41 810.97
29 42 532.89
29 43 200.18
29 44 631.77
29 46 174.22
29 47 300.17
29 48 780.78
29 51 707.82
29 52 908.5
29 53 632.85
29 54 133.44
29 55 333.3
29 56 354.24
29 57 51.77
29 59 680.44
30 0 271.7
30 1 637.79
30 2 240.65
30 3 512.21
30 4 483.71
30 5 176.81
30 6 37.47
30 8 700.6
30 9 202.76
30 11 693.44
30 12 573.48
30 14 964.98
30 15 672.58
30 16 503.84
30 17 686.97
30 18 766.25
30 19 346.88
30 20 173.26
30 21 12.57
30 22 509.7
30 24 726.7
30 25 639.23
30 26 84.81
30 27 52.8
30 30 126.1
30 31 955.46
30 33 557.15
30 34 314.09
30 36 185.71
30 38 561.38
30 39 152.6
30 40 708.73
30 41 890.48
30 42 531.56
30 43 225.96
30 44 798.84
30 45 613.9
30 47 648.79
30 48 696.96
30 49 9.88
30 50 285.26
30 51 7.4
30 52 850.84
30 53 505.14
30 57 118.47
30 58 723.23
30 59 490.53
31 0 492.67
31 1 395.92
31 3 923.73
31 4 811.0
31 5 263.19
31 6 68.27
31 9 277.68
31 10 263.93
31 12 686.88
31 13 4.62
31 14 442.75
31 16 791.49
31 18 880.67
31 19 45.61
31 20 459.77
31 21 449.97
31 22 54.33
31 23 352.22
31 24 648.75
31 26 352.2
31 29 887.79
31 30 984.87
31 31 754.08
31 32 805.54
31 34 935.7
31 35 362.75
31 36 500.75
31 37 320.38
31 38 809.8
31 39 833.91
31 41 520.77
31 42 675.66
31 43 390.72
31 45 903.67
31 46 639.38
31 47 120.02
31 48 138.62
31 49 845.56
31 51 336.5
31 52 397.55
31 53 709.45
31 54 423.3
31 55 279.07
31 57 776.07
31 58 576.37
31 59 165.43
32 0 668.68
32 1 913.92
32 2 815.05
32 3 655.98
32 4 392.84
32 5 573.96
32 6 304.44
32 7 252.81
32 8 802.87
32 9 682.2
32 10 606.84
32 11 55.67
32 12 692.18
32 13 805.96
32 14 16.47
32 15 424.34
32 16 769.84
32 18 652.67
32 19 363.37
32 20 460.33
32 22 514.73
32 23 799.66
32 24 302.1
32 25 356.74
32 26 501.3
32 27 234.07
32 28 630.99
32 29 321.24
32 30 711.36
32 32 162.96
32 33 255.22
32 34 4.64
32 35 47.12
32 36 599.17
32 37 651.53
32 39 182.21
32 40 191.42
32 41 857.22
32 42 248.56
32 43 381.95
32 44 741.82
32 46 949.59
32 48 160.49
32 50 163.7
32 52 688.01
32 53 203.37
32 54 40.1
32 55 820.97
32 56 268.66
32 57 521.73
32 58 180.97
32 59 493.12
33 0 482.24
33 1 773.17
33 2 436.46
33 3 372.96
33 5 722.53
33 6 76.97
33 8 331.86
33 9 488.76
33 10 763.41
33 11 193.84
33 12 185.99
33 13 269.49
33 14 242.55
33 15 292.41
33 18 121.58
33 21 325.86
33 22 222.03
33 23 276.05
33 25 826.71
33 28 14.63
33 29 384.22
33 30 860.26
33 31 305.01
33 32 362.22
33 33 405.42
33 34 460.33
33 35 860.98
33 36 899.09
33 37 358.83
33 40 601.65
33 41 250.46
33 43 260.94
33 44 904.02
33 45 600.59
33 46 204.02
33 47 508.49
33 48 972.27
33 49 429.58
33 51 642.19
33 52 322.79
33 53 180.93
33 54 669.04
33 56 51.78
33 57 81.11
33 59 612.84
34 0 641.31
34 1 563.8
34 2 601.59
34 3 203.42
34 4 106.56
34 5 610.2
34 6 890.49
34 7 770.82
34 9 399.43
34 10 509.68
34 11 731.95
34 12 474.92
34 14 729.54
34 15 939.08
34 16 107.96
34 17 814.75
34 18 153.96
34 20 304.53
34 22 380.35
34 24 852.36
34 25 736.64
34 26 580.71
34 28 76.67
34 29 403.59
34 31 893.63
34 32 806.26
34 33 438.72
34 34 230.45
34 35 847.02
34 36 759.31
34 37 868.75
34 38 942.27
34 40 523.97
34 41 832.7
34 42 624.04
34 43 612.92
34 45 944.76
34 46 805.24
34 47 592.61
34 48 99.05
34 50 725.92
34 52 736.16
34 54 692.57
34 55 982.04
34 56 876.87
34 57 486.85
34 58 656.58
34 59 239.13
35 0 90.77
35 1 140.93
35 2 117.41
35 3 260.7
35 4 563.74
35 6 172.1
35 7 675.23
35 8 658.61
35 9 942.66
35 10 338.01
35 11 710.27
35 12 741.32
35 13 176.35
35 14 276.69
35 15 856.99
35 17 874.1
35 18 267.86
35 19 728.59
35 20 338.18
35 21 698.2
35 22 644.51
35 23 907.73
35 24 176.6
35 25 757.73
35 26 386.44
35 27 994.01
35 28 609.4
35 29 533.92
35 30 73.74
35 31 740.01
35 32 968.76
35 33 952.66
35 35 622.79
35 36 459.46
35 38 709.89
35 40 953.87
35 41 340.49
35 43 876.77
35 44 777.73
35 45 674.38
35 47 329.39
35 48 313.25
35 49 639.2
35 50 854.03
35 52 631.99
35 53 27.17
35 54 608.67
35 55 117.17
35 58 287.92
35 59 503.25
36 1 901.93
36 2 967.0
36 3 59.77
36 4 153.52
36 5 19.72
36 6 492.4
36 7 261.38
36 8 253.89
36 9 853.79
36 10 674.17
36 11 832.22
36 13 698.87
36 15 558.79
36 16 643.25
36 17 534.54
36 20 922.85
36 21 755.11
36 22 256.61
36 23 153.8
36 24 107.17
36 25 168.13
36 26 100.87
36 27 985.88
36 28 959.13
36 29 501.49
36 31 348.42
36 33 126.1
36 34 306.63
36 37 952.38
36 38 704.54
36 39 811.4
36 40 744.18
36 41 686.42
36 42 873.21
36 43 816.52
36 44 949.63
36 45 285.38
36 46 560.27
36 47 568.19
36 48 188.52
36 49 671.89
36 50 121.89
36 51 886.23
36 52 407.95
36 53 399.68
36 54 943.91
36 55 680.89
36 56 458.73
36 57 112.59
36 58 788.72
37 0 555.53
37 1 22.07
37 2 92.82
37 4 412.24
37 5 335.01
37 6 116.53
37 7 264.53
37 9 367.78
37 10 273.71
37 11 883.6
37 14 218.03
37 15 834.64
37 16 211.64
37 17 259.58
37 19 427.2
37 20 175.11
37 21 160.35
37 22 588.62
37 25 414.32
37 26 500.99
37 27 179.94
37 28 428.97
37 31 780.22
37 32 9.3
37 33 829.84
37 34 19.55
37 35 674.74
37 36 227.99
37 37 183.7
37 38 480.88
37 39 782.63
37 40 695.83
37 41 726.08
37 42 113.83
37 43 287.83
37 44 319.6
37 45 445.56
37 46 48.66
37 47 238.28
37 48 117.88
37 50 38.54
37 51 832.7
37 52 962.49
37 53 724.65
37 56 446.33
37 57 78.24
37 58 972.67
37 59 174.57
38 0 431.17
38 2 424.0
38 4 784.36
38 5 531.75
38 7 361.1
38 8 965.52
38 9 69.24
38 10 30.11
38 11 696.32
38 12 647.37
38 13 713.96
38 14 887.56
38 16 399.3
38 17 190.66
38 18 473.0
38 20 431.82
38 21 567.87
38 22 311.69
38 24 469.72
38 25 91.92
38 26 997.66
38 27 346.65
38 29 898.74
38 30 934.99
38 31 413.01
38 32 161.68
38 33 342.61
38 34 652.25
38 35 293.1
38 36 543.23
38 37 311.98
38 39 719.49
38 40 949.35
38 42 53.2
38 43 71.77
38 44 401.01
38 46 22.15
38 48 115.98
38 49 311.11
38 50 429.6
38 51 133.44
38 52 967.13
38 53 603.63
38 54 752.1
38 55 6.16
38 56 225.82
38 57 177.73
38 58 670.25
38 59 535.87
39 0 83.38
39 2 958.89
39 3 204.7
39 4 122.98
39 5 936.66
39 6 599.23
39 8 608.34
39 9 554.66
39 10 6.81
39 13 151.44
39 14 504.6
39 15 56.46
39 16 905.72
39 17 58.74
39 18 748.39
39 19 80.1
39 20 758.42
39 22 906.06
39 23 523.42
39 24 26.59
39 27 670.95
39 28 894.47
39 29 549.15
39 30 699.87
39 31 169.5
39 32 15.21
39 34 308.98
39 35 213.68
39 36 651.77
39 37 763.9
39 39 352.29
39 40 276.41
39 41 567.22
39 42 455.15
39 43 107.02
39 44 959.19
39 45 782.47
39 46 426.53
39 48 37.89
39 49 536.31
39 50 475.3
39 51 536.13
39 52 662.53
39 53 618.56
39 55 422.05
39 56 184.53
39 58 501.22
39 59 991.0
40 0 779.46
40 1 441.82
40 3 885.85
40 4 647.78
40 5 825.56
40 7 12.87
40 8 854.18
40 9 817.89
40 10 874.94
40 11 36.35
40 12 184.26
40 13 436.99
40 14 450.84
40 15 212.61
40 16 445.3
40 17 303.37
40 18 389.83
40 19 63.24
40 20 704.26
40 21 953.83
40 23 449.2
40 24 343.61
40 25 65.4
40 26 201.94
40 27 696.91
40 28 72.08
40 29 17.48
40 30 656.31
40 32 406.02
40 33 970.5
40 35 627.9
40 36 589.44
40 37 16.66
40 38 696.24
40 40 102.25
40 43 392.97
40 44 594.93
40 45 368.75
40 46 85.28
40 47 152.97
40 48 426.51
40 49 900.4
40 50 110.98
40 51 431.82
40 52 954.21
40 53 895.97
40 54 666.7
40 55 267.77
40 56 634.49
40 57 404.6
40 58 996.18
40 59 512.94
41 0 484.79
41 1 8.8
41 2 883.68
41 3 955.65
41 4 474.85
41 8 612.67
41 9 26.57
41 10 645.79
41 11 589.25
41 12 161.88
41 13 964.8
41 14 959.93
41 15 451.84
41 16 341.66
41 17 341.59
41 18 926.44
41 20 103.81
41 21 74.42
41 22 539.91
41 23 771.74
41 24 537.67
41 25 103.74
41 27 484.05
41 28 815.83
41 31 223.53
41 33 216.78
41 34 611.39
41 35 206.78
41 36 988.86
41 38 299.04
41 40 302.41
41 41 320.92
41 42 525.22
41 43 574.88
41 45 600.74
41 47 32.87
41 50 356.32
41 51 957.8
41 52 44.96
41 53 758.53
41 54 707.38
41 55 498.85
41 56 873.23
41 57 426.18
42 0 547.91
42 1 643.79
42 3 764.22
42 4 432.21
42 5 501.38
42 6 470.95
42 10 768.57
42 11 318.3
42 12 392.91
42 13 684.01
42 14 859.66
42 15 867.84
42 17 78.64
42 18 246.76
42 20 455.24
42 21 585.5
42 22 187.46
42 24 728.37
42 25 323.0
42 28 290.64
42 29 259.49
42 30 554.29
42 31 692.86
42 32 533.68
42 34 211.5
42 35 219.94
42 36 898.91
42 37 561.86
42 38 225.83
42 39 473.1
42 40 433.36
42 41 480.2
42 42 405.01
42 43 156.62
42 45 812.45
42 46 971.84
42 47 699.79
42 48 341.21
42 49 186.23
42 50 333.08
42 51 210.58
42 52 415.39
42 53 183.0
42 54 626.64
42 58 295.09
42 59 639.34
43 0 341.0
43 2 86.15
43 3 544.4
43 5 937.28
43 6 687.06
43 7 183.13
43 8 745.31
43 9 487.65
43 12 831.26
43 13 271.35
43 14 673.86
43 15 987.05
43 16 27.94
43 17 967.89
43 18 587.89
43 19 382.29
43 20 200.13
43 21 871.72
43 22 395.83
43 23 435.23
43 25 250.82
43 26 712.03
43 27 84.14
43 28 640.3
43 29 440.77
43 30 865.26
43 31 803.81
43 32 950.24
43 33 116.23
43 34 639.94
43 35 479.6
43 36 260.61
43 38 345.81
43 39 590.59
43 40 769.8
43 41 363.54
43 42 321.82
43 43 946.96
43 44 233.47
43 45 876.53
43 47 871.59
43 48 534.34
43 49 175.76
43 50 418.82
43 51 351.44
43 53 183.26
43 54 603.13
43 56 38.28
43 57 342.67
43 58 855.3
43 59 283.32
44 1 991.8
44 3 791.39
44 4 585.32
44 5 164.22
44 6 318.82
44 7 464.76
44 8 213.76
44 9 889.99
44 10 221.88
44 11 719.34
44 12 533.0
44 13 695.92
44 14 823.86
44 15 409.56
44 17 433.95
44 18 81.35
44 20 233.15
44 21 530.16
44 22 84.64
44 24 710.76
44 25 678.69
44 26 432.87
44 27 410.8
44 28 349.56
44 29 245.96
44 30 917.67
44 31 127.56
44 32 437.08
44 33 143.36
44 37 851.16
44 39 862.71
44 40 35.69
44 41 967.24
44 43 1.62
44 44 101.09
44 45 27.11
44 46 192.59
44 47 506.42
44 48 153.83
44 49 484.95
44 50 898.15
44 51 981.24
44 53 311.98
44 54 912.45
44 55 500.93
44 56 381.11
44 57 86.04
44 58 78.07
45 0 612.26
45 1 838.23
45 2 106.11
45 3 713.87
45 4 808.46
45 5 610.67
45 7 92.54
45 8 676.98
45 9 343.58
45 10 400.54
45 11 181.27
45 12 199.47
45 13 69.42
45 14 576.19
45 15 856.59
45 17 457.99
45 18 761.19
45 21 392.62
45 22 958.57
45 23 750.33
45 25 651.3
45 26 830.6
45 27 441.73
45 28 498.2
45 29 149.92
45 30 217.79
45 32 826.68
45 33 568.23
45 34 941.33
45 35 525.43
45 36 431.48
45 37 49.5
45 38 333.37
45 39 645.23
45 41 487.64
45 42 17.77
45 43 145.54
45 45 114.22
45 46 207.76
45 47 152.17
45 48 241.83
45 50 401.81
45 51 886.02
45 52 931.4
45 53 166.1
45 54 37.31
45 55 934.88
45 56 246.38
45 57 6.65
45 59 533.76
46 2 577.02
46 3 711.87
46 4 785.91
46 5 245.07
46 7 55.81
46 8 258.39
46 9 31.33
46 10 901.5
46 11 826.63
46 12 652.9
46 13 346.25
46 14 266.46
46 15 489.49
46 16 457.64
46 17 406.34
46 18 723.36
46 19 997.49
46 20 611.52
46 21 767.09
46 22 468.0
46 24 158.55
46 25 854.76
46 27 934.38
46 28 53.5
46 29 155.35
46 30 640.17
46 31 870.88
46 34 905.84
46 35 858.76
46 36 14.63
46 37 666.2
46 38 621.34
46 39 581.46
46 40 895.5
46 41 364.58
46 42 619.47
46 43 361.42
46 44 150.77
46 45 194.52
46 47 794.8
46 48 300.73
46 49 902.08
46 50 844.92
46 51 519.21
46 52 17.43
46 53 862.87
46 54 9.84
46 55 114.75
46 57 239.78
46 58 214.71
47 0 711.56
47 1 224.66
47 2 957.8
47 3 490.03
47 4 180.56
47 6 882.8
47 7 500.44
47 8 569.56
47 9 483.74
47 10 751.71
47 11 400.9
47 13 207.06
47 14 912.78
47 15 235.48
47 16 357.95
47 17 417.56
47 18 889.29
47 19 747.84
47 21 106.34
47 22 875.5
47 23 220.93
47 24 270.66
47 25 738.25
47 26 19.99
47 27 447.07
47 28 430.02
47 29 615.95
47 30 519.09
47 32 665.08
47 33 550.1
47 34 72.46
47 35 385.24
47 36 672.32
47 37 341.37
47 38 214.98
47 39 703.92
47 40 296.88
47 42 593.5
47 43 418.45
47 44 726.6
47 45 295.02
47 46 917.94
47 47 637.29
47 49 299.59
47 50 763.38
47 51 787.45
47 53 364.34
47 54 866.33
47 55 495.33
47 56 411.11
47 57 42.35
47 58 722.34
47 59 456.01
48 0 805.93
48 1 325.55
48 2 32.13
48 3 395.32
48 4 817.26
48 5 747.39
48 6 418.18
48 7 201.48
48 8 999.1
48 9 381.82
48 10 456.55
48 12 253.61
48 14 612.23
48 15 796.77
48 16 912.83
48 17 454.88
48 18 690.13
48 20 563.4
48 22 401.71
48 24 243.34
48 25 252.06
48 26 412.66
48 27 95.65
48 28 653.65
48 29 728.53
48 30 286.22
48 31 688.69
48 33 752.19
48 34 616.35
48 35 133.73
48 36 434.55
48 37 795.96
48 38 400.32
48 39 124.51
48 40 697.73
48 41 549.85
48 42 973.05
48 43 724.05
48 44 550.83
48 45 146.41
48 46 130.73
48 47 898.65
48 49 5.56
48 50 548.57
48 51 866.18
48 52 312.11
48 53 880.37
48 54 640.32
48 55 154.83
48 56 88.82
48 58 51.88
48 59 124.91
49 1 961.54
49 2 483.86
49 3 716.06
49 6 546.96
49 7 124.39
49 8 986.0
49 9 105.74
49 10 309.38
49 12 605.17
49 13 388.23
49 14 367.73
49 15 339.46
49 16 742.41
49 17 546.34
49 18 228.24
49 19 609.55
49 20 195.7
49 21 386.11
49 22 563.92
49 23 999.82
49 24 730.58
49 25 61.64
49 26 323.4
49 27 608.39
49 29 302.24
49 30 746.74
49 31 189.86
49 32 88.17
49 33 305.7
49 34 85.91
49 35 830.53
49 37 587.2
49 38 438.65
49 40 125.08
49 41 910.06
49 42 442.66
49 43 9.64
49 44 354.06
49 45 325.16
49 46 463.18
49 51 297.45
49 52 839.88
49 53 415.82
49 54 345.07
49 55 86.01
49 59 471.2
50 0 531.88
50 1 741.8
50 3 93.29
50 7 692.07
50 9 903.34
50 10 896.65
50 12 951.29
50 13 786.45
50 14 414.27
50 15 353.52
50 16 373.83
50 17 454.83
50 19 341.19
50 21 602.24
50 22 233.34
50 23 43.88
50 24 144.35
50 26 25.07
50 28 502.11
50 30 227.38
50 31 103.92
50 33 251.73
50 34 738.15
50 35 785.87
50 36 984.48
50 37 74.4
50 38 403.48
50 40 361.65
50 41 985.95
50 42 836.86
50 44 244.83
50 45 940.34
50 48 12.07
50 49 171.05
50 50 151.62
50 51 503.74
50 52 81.94
50 53 689.37
50 54 662.78
50 55 117.62
50 56 221.72
50 57 967.39
50 58 692.28
50 59 109.53
51 1 802.69
51 2 981.15
51 3 437.81
51 5 450.99
51 6 919.93
51 7 7.21
51 8 823.91
51 9 109.63
51 10 442.36
51 11 28.61
51 13 76.62
51 14 109.95
51 15 239.68
51 16 349.62
51 17 961.6
51 18 378.1
51 19 759.05
51 20 982.36
51 21 462.13
51 23 994.34
51 24 133.25
51 25 981.71
51 27 25.51
51 28 892.66
51 29 68.28
51 33 147.98
51 34 906.28
51 35 903.01
51 36 219.13
51 40 485.68
51 41 158.05
51 42 681.21
51 43 35.37
51 44 646.74
51 45 612.96
51 46 863.97
51 47 250.47
51 48 694.68
51 49 667.02
51 50 769.89
51 54 841.55
51 55 280.12
51 56 816.53
51 57 656.92
51 58 653.47
51 59 318.61
52 0 249.2
52 1 22.73
52 2 266.85
52 3 544.17
52 4 686.73
52 5 723.56
52 7 697.8
52 8 645.26
52 10 922.4
52 11 526.63
52 12 897.29
52 13 228.32
52 14 309.54
52 15 350.2
52 17 399.39
52 18 946.91
52 19 38.02
52 20 910.98
52 22 579.99
52 23 458.83
52 24 637.16
52 26 146.11
52 28 674.17
52 29 883.01
52 30 473.78
52 32 688.62
52 33 601.66
52 34 102.4
52 35 660.74
52 36 846.08
52 37 739.58
52 38 178.73
52 39 986.84
52 40 503.89
52 41 919.01
52 42 537.0
52 43 90.68
52 44 515.32
52 45 829.48
52 46 723.47
52 47 61.69
52 48 352.61
52 49 964.87
52 50 285.05
52 52 352.42
52 53 60.2
52 54 358.39
52 55 83.15
52 56 17.84
52 57 963.78
52 58 132.1
52 59 69.8
53 0 355.71
53 2 621.27
53 3 586.74
53 6 304.09
53 7 175.61
53 8 134.06
53 9 782.19
53 10 161.62
53 11 108.59
53 12 65.07
53 13 611.73
53 15 359.79
53 16 41.56
53 17 147.35
53 18 54.7
53 19 17.42
53 21 154.83
53 22 137.48
53 23 866.94
53 24 122.44
53 26 230.18
53 27 32.06
53 29 91.79
53 30 569.06
53 31 349.63
53 32 361.61
53 33 806.19
53 34 289.87
53 35 344.09
53 38 83.11
53 39 829.3
53 40 452.11
53 41 903.92
53 42 94.62
53 43 321.28
53 44 937.42
53 45 300.31
53 46 666.66
53 47 83.68
53 48 746.89
53 50 658.26
53 51 831.77
53 52 121.6
53 53 134.64
53 54 245.17
53 55 470.45
53 56 685.21
53 59 7.77
54 0 373.84
54 1 577.82
54 2 109.65
54 3 303.21
54 4 417.34
54 5 523.61
54 6 568.88
54 8 914.34
54 9 745.93
54 10 870.1
54 11 784.34
54 12 953.93
54 13 158.72
54 14 930.1
54 15 487.58
54 16 421.86
54 17 732.0
54 18 125.91
54 19 966.5
54 20 264.36
54 21 73.07
54 22 482.59
54 25 4.78
54 26 581.9
54 27 946.95
54 28 727.25
54 29 369.96
54 30 168.39
54 32 513.78
54 33 126.95
54 34 129.62
54 36 423.69
54 37 798.56
54 38 844.01
54 41 203.79
54 42 92.73
54 44 904.46
54 45 270.01
54 46 595.11
54 49 700.6
54 50 77.8
54 51 973.38
54 52 796.19
54 53 893.93
54 54 536.89
54 55 74.28
54 59 730.3
55 0 494.59
55 1 192.81
55 2 274.24
55 3 139.22
55 5 516.56
55 7 790.8
55 8 308.8
55 9 494.57
55 10 605.68
55 11 714.39
55 12 325.07
55 13 855.26
55 14 53.81
55 15 742.46
55 17 384.88
55 18 891.75
55 19 21.07
55 20 889.23
55 21 931.35
55 22 48.0
55 23 68.05
55 24 894.51
55 25 40.42
55 28 126.74
55 29 751.3
55 30 938.24
55 31 661.72
55 33 934.78
55 34 262.18
55 36 613.02
55 38 301.71
55 39 597.2
55 41 134.36
55 42 455.47
55 44 588.96
55 45 603.8
55 46 342.26
55 48 288.09
55 49 978.37
55 50 201.87
55 51 722.66
55 52 959.54
55 53 380.91
55 54 775.41
55 55 924.37
55 57 212.5
55 58 363.56
55 59 143.01
56 0 318.16
56 1 648.07
56 2 983.71
56 4 842.94
56 5 26.29
56 6 200.22
56 7 704.29
56 8 704.46
56 9 628.02
56 10 217.3
56 11 235.33
56 12 977.27
56 13 471.68
56 14 625.8
56 15 309.41
56 16 764.94
56 18 965.86
56 19 231.65
56 20 172.17
56 21 128.31
56 22 809.6
56 23 321.27
56 25 370.57
56 26 394.77
56 28 678.71
56 31 429.62
56 32 267.11
56 33 902.65
56 34 578.55
56 35 703.47
56 37 556.83
56 38 345.6
56 39 825.47
56 40 608.79
56 41 120.43
56 42 356.7
56 43 376.25
56 44 396.55
56 45 341.04
56 46 846.33
56 48 816.18
56 49 806.96
56 50 555.64
56 51 540.51
56 52 210.72
56 53 702.14
56 54 910.32
56 55 965.01
56 58 779.19
56 59 208.85
57 0 232.74
57 1 640.72
57 2 673.85
57 3 67.47
57 4 473.92
57 5 354.86
57 6 42.39
57 8 162.63
57 9 230.43
57 11 337.94
57 12 964.28
57 13 719.4
57 14 618.24
57 16 287.47
57 17 609.49
57 18 977.78
57 19 894.67
57 20 660.97
57 21 41.34
57 22 462.69
57 23 468.41
57 24 82.62
57 25 302.25
57 27 964.63
57 28 280.71
57 29 888.05
57 30 939.59
57 31 923.51
57 32 860.12
57 33 164.84
57 34 947.22
57 35 188.39
57 37 79.64
57 38 175.11
57 39 859.09
57 40 602.67
57 41 691.53
57 45 458.58
57 46 995.88
57 49 714.18
57 50 378.48
57 51 223.96
57 53 284.53
57 55 323.17
57 56 322.99
57 57 467.4
57 58 227.53
57 59 296.75
58 2 508.9
58 3 963.03
58 4 20.58
58 6 188.18
58 8 24.88
58 9 564.88
58 11 167.49
58 12 951.33
58 13 17.3
58 14 161.86
58 15 450.23
58 16 405.41
58 17 552.76
58 19 549.23
58 21 852.19
58 22 418.06
58 23 346.61
58 24 176.65
58 25 667.94
58 27 154.72
58 29 836.35
58 30 387.09
58 31 202.28
58 34 862.02
58 35 397.74
58 36 16.2
58 38 112.5
58 40 743.1
58 42 609.91
58 43 112.86
58 44 117.15
58 45 766.15
58 47 608.61
58 48 512.93
58 49 358.32
58 50 201.02
58 51 342.52
58 52 710.16
58 53 19.7
58 57 154.71
58 58 892.11
58 59 866.3
59 0 647.89
59 1 282.72
59 2 576.62
59 3 386.34
59 5 346.49
59 6 59.64
59 7 140.34
59 9 407.16
59 10 972.2
59 11 332.23
59 13 904.61
59 14 971.74
59 15 785.53
59 17 864.11
59 18 469.95
59 19 459.01
59 20 186.46
59 21 121.22
59 22 891.14
59 25 829.46
59 27 373.94
59 28 781.86
59 29 505.84
59 30 883.69
59 31 955.77
59 32 914.55
59 33 506.22
59 35 959.56
59 36 135.89
59 37 282.39
59 40 822.93
59 41 451.43
59 42 607.75
59 43 920.92
59 44 504.08
59 45 854.42
59 46 147.61
59 47 949.08
59 48 514.0
59 49 373.13
59 50 71.4
59 51 74.89
59 52 729.55
59 53 6.68
59 54 439.31
59 56 161.4
59 57 100.84
59 59 990.68
