0 1 190.17
0 2 152.38
0 5 367.01
0 6 91.63
0 7 150.36
0 8 655.38
0 9 504.27
0 10 543.57
0 11 219.01
0 12 405.48
0 14 533.81
0 15 608.38
0 16 865.62
0 17 798.57
0 18 667.12
0 19 769.28
0 20 356.97
0 22 341.44
0 26 680.2
0 27 667.19
0 28 330.73
0 29 973.19
0 30 246.9
0 31 206.76
0 32 583.83
0 33 84.12
0 35 953.62
0 36 81.6
0 37 277.51
0 38 960.72
0 39 863.85
1 0 978.54
1 1 444.3
1 2 538.16
1 3 472.17
1 5 457.97
1 6 778.4
1 8 642.99
1 9 950.46
1 11 222.29
1 12 501.57
1 13 14.37
1 15 72.62
1 17 797.9
1 18 642.81
1 19 911.37
1 20 657.49
1 21 328.06
1 22 796.35
1 23 303.01
1 24 211.09
1 25 839.63
1 26 105.04
1 27 755.93
1 28 525.04
1 30 521.89
1 31 756.88
1 32 742.9
1 33 55.84
1 34 960.35
1 35 975.19
1 36 382.64
1 37 749.27
1 38 930.51
1 39 856.47
2 0 922.49
2 1 75.76
2 2 81.55
2 3 600.43
2 4 574.76
2 5 53.51
2 6 122.55
2 7 899.64
2 9 257.88
2 11 361.84
2 12 851.93
2 13 768.88
2 14 606.66
2 15 183.45
2 16 120.29
2 17 315.72
2 18 878.44
2 19 923.16
2 21 77.79
2 22 590.19
2 23 150.33
2 24 856.4
2 25 695.97
2 26 192.03
2 27 14.37
2 28 947.87
2 30 311.22
2 31 126.3
2 32 975.4
2 33 313.4
2 34 799.83
2 35 947.85
2 36 777.48
2 37 896.32
2 38 385.39
2 39 903.98
3 0 524.03
3 2 861.17
3 3 729.5
3 4 683.25
3 6 503.99
3 7 185.53
3 9 854.98
3 10 708.33
3 11 501.05
3 13 802.4
3 14 795.64
3 15 659.76
3 16 665.81
3 17 191.05
3 18 399.45
3 19 137.75
3 21 462.86
3 22 316.37
3 23 248.36
3 24 97.44
3 25 590.4
3 28 437.21
3 29 485.46
3 30 443.36
3 31 647.31
3 33 241.4
3 34 333.71
3 35 844.93
3 36 782.95
3 39 853.77
4 1 577.31
4 2 622.44
4 3 320.16
4 4 27.44
4 5 328.69
4 7 690.09
4 8 497.61
4 9 861.08
4 11 648.38
4 12 425.45
4 13 927.21
4 14 577.8
4 15 164.44
4 16 556.41
4 17 564.12
4 18 583.66
4 19 159.34
4 22 847.03
4 24 982.09
4 25 255.79
4 26 705.96
4 27 881.88
4 28 5.13
4 29 848.19
4 30 713.68
4 31 572.4
4 32 295.29
4 34 841.63
4 35 404.26
4 36 376.22
4 37 270.49
4 38 989.3
4 39 343.22
5 0 32.14
5 1 678.65
5 2 91.75
5 3 79.13
5 4 939.7
5 6 280.0
5 7 79.53
5 9 971.41
5 10 167.62
5 12 95.03
5 13 540.47
5 14 373.08
5 15 155.7
5 16 881.64
5 17 325.54
5 18 657.76
5 19 58.08
5 20 749.93
5 21 95.98
5 23 963.44
5 24 952.11
5 25 149.35
5 27 921.93
5 28 510.67
5 29 893.19
5 30 494.16
5 31 241.71
5 32 290.62
5 34 616.48
5 35 356.53
5 36 958.3
5 37 664.12
5 38 164.19
6 0 681.94
6 1 884.7
6 2 613.37
6 4 614.68
6 6 611.01
6 7 576.49
6 8 561.86
6 9 433.61
6 10 645.71
6 12 437.39
6 13 267.89
6 15 518.87
6 17 542.78
6 18 488.64
6 19 496.94
6 20 169.62
6 21 938.13
6 23 241.41
6 25 145.97
6 26 155.33
6 28 205.59
6 29 670.79
6 30 5.97
6 32 166.79
6 33 311.96
6 34 104.77
6 35 512.01
6 37 622.52
6 38 255.47
7 0 557.82
7 1 592.29
7 2 397.82
7 3 430.02
7 5 376.6
7 7 20.5
7 8 446.96
7 10 763.23
7 11 511.83
7 12 473.81
7 13 846.92
7 14 963.74
7 15 615.19
7 16 718.11
7 17 969.51
7 18 16.74
7 19 253.53
7 20 333.98
7 22 459.54
7 23 662.55
7 24 125.16
7 25 955.72
7 26 4.73
7 27 480.21
7 28 670.39
7 29 340.73
7 30 837.45
7 34 54.14
7 35 381.93
7 36 51.66
7 37 140.66
7 38 550.96
8 0 623.66
8 1 123.77
8 2 697.31
8 3 5.82
8 7 546.58
8 8 899.85
8 9 767.73
8 10 506.87
8 11 178.56
8 12 174.88
8 13 424.39
8 15 906.67
8 16 916.67
8 17 426.63
8 18 113.87
8 21 695.45
8 22 42.34
8 23 223.87
8 25 658.57
8 27 518.84
8 29 853.46
8 30 565.71
8 33 327.44
8 34 614.21
8 36 423.13
8 38 425.23
8 39 24.82
9 0 890.67
9 2 337.61
9 3 936.3
9 4 412.0
9 5 466.16
9 6 283.25
9 7 637.61
9 8 367.3
9 9 531.21
9 10 438.13
9 11 16.34
9 12 334.03
9 13 255.43
9 14 239.56
9 15 394.42
9 17 462.69
9 18 664.72
9 19 754.16
9 20 728.15
9 21 784.92
9 22 478.75
9 23 943.1
9 24 736.56
9 27 628.32
9 28 253.48
9 29 773.44
9 30 735.45
9 31 909.15
9 32 836.21
9 33 42.56
9 34 514.96
9 35 78.49
9 36 94.01
9 37 572.35
9 38 771.79
9 39 164.88
10 0 850.62
10 1 315.07
10 2 900.6
10 4 832.3
10 5 66.74
10 6 934.33
10 8 215.18
10 9 31.03
10 10 426.7
10 11 590.71
10 12 282.89
10 13 313.58
10 14 884.04
10 15 590.55
10 16 687.22
10 17 187.67
10 18 276.59
10 19 112.69
10 20 331.09
10 23 53.31
10 24 900.29
10 25 282.22
10 26 220.62
10 31 486.09
10 32 42.87
10 33 902.04
10 34 41.77
10 36 654.44
10 37 439.6
11 0 700.81
11 2 907.48
11 3 644.18
11 4 319.84
11 5 300.95
11 6 388.62
11 7 676.75
11 8 208.09
11 9 144.85
11 10 663.84
11 11 428.32
11 12 308.14
11 13 582.63
11 14 456.5
11 16 911.75
11 17 67.75
11 18 897.32
11 20 268.91
11 22 486.72
11 23 864.97
11 24 990.65
11 25 275.36
11 26 721.81
11 27 469.33
11 29 41.14
11 30 217.79
11 31 410.06
11 33 614.89
11 34 784.23
11 35 272.61
11 36 20.95
11 37 183.27
11 39 258.93
12 0 29.35
12 1 559.42
12 3 383.39
12 4 463.02
12 5 770.68
12 6 540.58
12 7 460.93
12 8 925.58
12 9 959.82
12 10 951.69
12 11 97.55
12 12 946.65
12 13 560.27
12 14 647.72
12 15 739.57
12 16 432.88
12 17 142.43
12 18 423.81
12 22 789.63
12 23 777.76
12 24 466.94
12 25 708.82
12 26 47.18
12 27 883.93
12 28 130.56
12 29 191.82
12 31 584.69
12 32 740.7
12 33 978.14
12 34 442.03
12 35 952.72
12 37 46.29
12 38 827.59
12 39 71.46
13 0 104.9
13 1 446.16
13 3 356.97
13 4 752.97
13 5 863.01
13 7 297.11
13 8 672.86
13 9 705.28
13 10 680.39
13 11 482.2
13 13 155.77
13 14 162.99
13 16 463.79
13 17 12.5
13 18 251.06
13 20 947.41
13 21 506.0
13 22 960.61
13 23 191.64
13 25 925.61
13 26 323.96
13 27 25.33
13 28 972.71
13 29 331.11
13 31 203.85
13 32 899.69
13 33 551.24
13 34 123.65
13 35 300.53
13 36 865.62
13 37 884.93
13 38 480.69
14 0 461.48
14 2 264.96
14 3 802.35
14 4 333.1
14 5 151.36
14 6 508.09
14 7 897.51
14 8 623.17
14 9 918.28
14 10 452.38
14 12 425.35
14 13 101.36
14 15 337.95
14 16 281.88
14 17 987.72
14 18 368.18
14 19 686.1
14 20 858.71
14 21 596.3
14 22 353.64
14 25 661.47
14 26 642.61
14 27 971.68
14 28 900.27
14 29 846.81
14 30 616.02
14 32 749.48
14 33 639.26
14 34 250.66
14 37 37.57
14 38 615.19
14 39 30.47
15 0 162.34
15 1 424.25
15 2 686.54
15 4 845.72
15 5 106.83
15 7 196.61
15 8 885.06
15 9 740.65
15 10 87.86
15 11 432.57
15 12 793.04
15 13 381.07
15 15 97.26
15 17 897.43
15 19 969.7
15 20 699.02
15 21 592.92
15 22 929.16
15 23 976.13
15 24 913.24
15 26 431.33
15 27 192.83
15 28 713.58
15 29 759.81
15 31 280.72
15 33 435.97
15 34 627.19
15 35 521.03
15 36 377.9
15 37 89.38
15 38 156.4
15 39 419.96
16 0 642.15
16 1 163.86
16 2 162.85
16 3 259.84
16 4 82.32
16 5 869.25
16 6 423.02
16 7 401.16
16 8 786.36
16 9 688.67
16 11 298.52
16 13 744.55
16 15 385.23
16 16 131.33
16 18 453.96
16 19 352.98
16 21 691.73
16 22 527.25
16 23 82.86
16 25 95.64
16 26 848.04
16 27 907.83
16 28 360.81
16 29 953.5
16 31 146.69
16 32 355.73
16 34 930.29
16 35 592.49
16 36 911.76
16 37 858.6
16 38 161.66
16 39 745.11
17 0 380.17
17 2 55.98
17 3 668.91
17 4 468.81
17 5 444.19
17 6 612.39
17 7 228.93
17 8 862.55
17 10 18.59
17 13 373.3
17 14 370.66
17 15 984.84
17 16 586.98
17 17 281.49
17 18 776.16
17 19 888.3
17 20 903.62
17 21 444.61
17 22 614.76
17 23 932.24
17 25 374.45
17 28 464.89
17 29 743.81
17 30 690.91
17 31 320.79
17 32 184.77
17 34 514.33
17 36 690.45
17 37 850.61
17 39 595.28
18 2 669.07
18 4 58.56
18 5 289.23
18 6 356.37
18 8 941.45
18 9 225.76
18 10 373.77
18 11 932.58
18 12 652.67
18 13 66.97
18 14 705.81
18 16 460.84
18 17 325.42
18 18 927.67
18 19 459.24
18 20 605.24
18 21 19.47
18 22 525.19
18 23 281.21
18 24 630.16
18 25 945.04
18 27 824.88
18 28 914.98
18 29 990.0
18 30 683.22
18 31 742.76
18 32 517.58
18 34 874.52
18 35 685.48
18 37 692.82
18 39 75.64
19 0 932.83
19 1 182.56
19 3 260.79
19 4 974.56
19 6 57.29
19 7 633.59
19 8 590.06
19 9 150.86
19 10 103.08
19 11 135.9
19 12 459.23
19 13 303.62
19 14 219.75
19 15 153.91
19 16 572.55
19 17 324.45
19 19 200.67
19 20 474.76
19 22 939.22
19 24 105.88
19 26 461.59
19 27 216.35
19 28 450.18
19 29 733.44
19 30 724.18
19 31 250.38
19 32 127.46
19 33 572.98
19 34 156.16
19 35 606.7
19 36 289.46
19 37 260.18
19 38 222.97
20 0 583.27
20 1 378.09
20 2 83.23
20 3 103.88
20 4 153.85
20 5 692.31
20 7 855.04
20 8 978.52
20 10 53.98
20 11 837.92
20 14 685.31
20 15 244.12
20 16 864.22
20 18 759.69
20 20 160.46
20 21 818.4
20 22 810.97
20 23 21.93
20 24 765.88
20 25 582.63
20 26 482.4
20 27 758.41
20 28 184.41
20 29 665.0
20 30 615.98
20 31 909.02
20 34 213.89
20 37 751.99
20 38 947.32
20 39 694.62
21 0 569.71
21 1 160.55
21 2 339.63
21 3 632.1
21 4 259.64
21 7 676.48
21 8 429.59
21 11 877.94
21 13 430.27
21 14 748.96
21 15 639.66
21 16 248.75
21 18 319.59
21 19 270.82
21 20 358.35
21 21 219.39
21 22 546.28
21 23 326.1
21 24 149.11
21 25 286.0
21 26 710.6
21 28 472.38
21 29 881.42
21 30 793.46
21 31 704.76
21 32 959.01
21 33 305.1
21 35 104.69
21 36 399.58
21 39 265.15
22 2 436.89
22 4 248.44
22 5 301.92
22 6 929.96
22 7 264.41
22 8 766.99
22 9 168.35
22 10 956.47
22 12 123.97
22 13 333.5
22 14 997.64
22 16 782.74
22 17 410.57
22 18 712.8
22 19 869.25
22 21 165.89
22 23 321.37
22 24 839.89
22 26 476.94
22 29 424.16
22 30 321.75
22 31 927.69
22 32 864.3
22 33 163.68
22 34 561.63
22 35 570.41
22 36 194.05
22 38 222.23
22 39 345.24
23 0 578.68
23 1 583.39
23 3 222.69
23 4 430.68
23 5 231.92
23 6 601.65
23 8 815.04
23 9 748.84
23 10 222.28
23 11 553.55
23 12 143.77
23 13 507.86
23 14 881.89
23 16 576.79
23 19 57.46
23 21 962.95
23 22 462.05
23 24 37.75
23 25 608.07
23 26 770.11
23 27 360.35
23 28 257.47
23 29 607.7
23 30 611.07
23 31 325.38
23 32 91.03
23 33 137.81
23 34 235.4
23 35 934.94
23 36 379.79
23 37 637.87
23 38 190.35
23 39 441.65
24 0 624.49
24 3 153.59
24 4 428.7
24 5 708.86
24 7 688.21
24 9 944.55
24 10 687.71
24 11 451.98
24 12 137.12
24 14 552.69
24 15 600.76
24 16 973.67
24 17 379.06
24 18 161.24
24 19 241.64
24 20 712.37
24 22 320.93
24 23 541.73
24 24 627.94
24 25 521.15
24 26 717.67
24 27 883.89
24 28 347.57
24 29 440.91
24 30 276.64
24 32 640.78
24 34 347.68
24 35 856.93
24 36 554.9
24 37 819.6
24 38 350.26
24 39 821.36
25 0 535.96
25 1 63.67
25 2 198.86
25 3 683.95
25 4 144.98
25 5 827.01
25 7 770.68
25 8 586.25
25 9 867.09
25 10 95.36
25 11 842.08
25 13 70.64
25 14 590.49
25 15 863.43
25 16 668.69
25 18 69.17
25 19 692.26
25 20 362.77
25 22 695.64
25 23 916.26
25 27 289.35
25 28 11.13
25 29 311.0
25 30 360.48
25 31 419.81
25 33 189.06
25 34 76.26
25 35 989.03
25 36 243.46
25 37 169.54
26 1 802.79
26 3 573.33
26 4 921.95
26 5 250.52
26 6 233.01
26 7 180.09
26 10 563.58
26 11 397.01
26 12 401.29
26 13 745.86
26 15 770.39
26 16 966.25
26 17 274.12
26 18 151.11
26 20 51.26
26 21 426.54
26 22 81.78
26 23 109.16
26 24 786.05
26 25 384.32
26 26 361.86
26 27 838.37
26 29 367.69
26 31 647.2
26 32 925.78
26 33 139.55
26 34 878.5
26 35 857.68
26 37 527.01
26 38 450.61
26 39 247.14
27 1 440.94
27 2 317.8
27 5 362.74
27 6 370.9
27 7 539.81
27 8 57.73
27 9 856.1
27 10 946.93
27 13 492.13
27 14 150.14
27 16 926.72
27 17 498.99
27 18 377.44
27 20 342.82
27 22 583.64
27 23 588.9
27 24 773.33
27 25 793.61
27 26 637.66
27 27 272.47
27 28 729.53
27 29 840.53
27 30 865.24
27 31 585.34
27 32 490.87
27 34 500.17
27 35 578.22
27 36 389.79
27 37 911.83
27 38 315.16
27 39 757.06
28 0 364.14
28 1 929.72
28 2 280.38
28 3 710.18
28 4 52.13
28 6 229.82
28 7 352.97
28 9 653.21
28 10 596.77
28 12 305.79
28 13 622.11
28 15 559.89
28 16 656.9
28 17 312.68
28 18 326.89
28 19 254.73
28 20 600.0
28 24 528.4
28 25 440.36
28 27 568.07
28 28 145.28
28 29 869.52
28 30 728.81
28 31 806.1
28 33 680.99
28 35 101.54
28 36 362.38
28 37 671.53
28 39 597.08
29 1 702.91
29 3 612.53
29 4 509.47
29 7 188.76
29 8 282.1
29 9 38.38
29 10 129.82
29 11 240.95
29 14 826.3
29 15 189.9
29 16 716.11
29 17 343.39
29 18 55.98
29 20 41.26
29 21 337.16
29 22 410.28
29 23 443.21
29 24 516.9
29 27 612.27
29 28 591.29
29 30 191.9
29 31 556.43
29 32 631.56
29 34 464.13
29 35 476.25
29 38 463.47
29 39 487.87
30 0 886.86
30 1 167.73
30 3 29.83
30 5 55.81
30 6 849.78
30 7 359.37
30 8 706.5
30 10 765.69
30 11 955.32
30 13 259.31
30 14 817.49
30 15 848.96
30 16 996.35
30 17 236.92
30 18 430.78
30 19 956.18
30 20 392.69
30 22 426.24
30 23 128.08
30 24 478.08
30 25 455.36
30 26 199.86
30 28 766.28
30 29 792.02
30 30 534.95
30 32 905.45
30 33 773.12
30 35 363.18
30 37 149.85
30 39 572.53
31 2 439.07
31 3 763.54
31 4 385.68
31 5 466.23
31 6 755.32
31 7 700.48
31 8 782.56
31 9 965.81
31 10 240.19
31 12 215.05
31 13 115.6
31 14 421.41
31 15 585.04
31 16 662.74
31 18 302.57
31 20 574.16
31 21 465.99
31 23 115.65
31 24 610.96
31 25 702.13
31 26 982.47
31 27 972.63
31 28 888.14
31 29 799.79
31 30 607.56
31 31 711.07
31 32 894.47
31 33 917.54
31 34 578.18
31 35 953.56
31 36 491.81
31 37 104.89
31 38 124.07
31 39 727.81
32 1 863.61
32 2 779.91
32 3 507.72
32 7 118.09
32 8 577.2
32 9 882.12
32 10 417.89
32 11 341.1
32 12 150.12
32 13 590.57
32 15 330.24
32 16 260.18
32 17 425.96
32 18 639.1
32 19 286.28
32 20 220.07
32 21 724.58
32 22 560.46
32 23 231.43
32 24 572.3
32 25 458.2
32 26 187.15
32 27 641.94
32 28 969.85
32 30 393.3
32 31 721.26
32 32 263.58
32 34 204.66
32 35 928.51
32 36 687.74
32 37 934.55
32 38 748.17
33 0 872.73
33 1 820.35
33 2 727.92
33 4 388.79
33 5 402.8
33 6 192.9
33 7 336.01
33 9 663.49
33 10 500.24
33 11 340.62
33 12 625.04
33 15 101.19
33 16 315.83
33 17 395.09
33 18 733.04
33 19 30.74
33 20 102.89
33 21 321.31
33 23 635.7
33 24 226.56
33 25 632.61
33 27 675.33
33 29 473.97
33 30 369.77
33 31 316.09
33 32 516.1
33 33 962.94
33 35 949.04
33 36 830.19
33 39 568.17
34 0 5.87
34 1 36.89
34 2 931.3
34 3 656.25
34 4 500.75
34 5 260.62
34 6 296.97
34 7 879.4
34 8 137.52
34 9 760.2
34 10 831.4
34 11 268.86
34 14 422.4
34 16 574.27
34 17 372.58
34 19 99.34
34 20 35.56
34 21 217.37
34 22 350.34
34 23 992.3
34 24 923.18
34 25 199.31
34 27 486.82
34 28 934.19
34 29 763.09
34 30 292.9
34 32 178.64
34 33 300.52
34 34 855.58
34 35 29.12
34 36 620.24
34 37 333.18
34 38 475.16
34 39 968.68
35 1 730.78
35 2 467.57
35 3 709.46
35 4 811.23
35 5 856.72
35 6 647.37
35 7 194.24
35 11 222.1
35 12 451.88
35 13 198.45
35 16 436.19
35 18 507.62
35 20 436.87
35 21 52.13
35 22 207.82
35 23 382.83
35 24 878.03
35 25 391.85
35 26 861.17
35 27 603.38
35 28 59.96
35 30 50.02
35 31 37.31
35 32 980.26
35 33 181.26
35 34 26.24
35 35 64.1
35 36 555.55
35 37 161.63
35 38 517.89
36 0 949.67
36 1 757.57
36 3 829.27
36 4 946.05
36 8 652.54
36 9 49.51
36 10 261.88
36 13 70.98
36 14 975.35
36 16 134.72
36 17 716.22
36 19 597.49
36 20 571.08
36 21 184.2
36 22 429.91
36 23 672.04
36 24 229.89
36 25 875.7
36 26 101.19
36 27 966.66
36 28 751.66
36 32 242.08
36 33 50.01
36 34 971.15
36 35 522.82
36 36 752.18
36 37 623.47
36 39 81.05
37 0 343.66
37 1 45.59
37 2 212.24
37 3 608.56
37 6 611.62
37 7 543.75
37 8 935.8
37 9 253.36
37 10 463.01
37 11 38.56
37 14 940.13
37 15 431.57
37 16 37.08
37 18 97.06
37 19 669.93
37 20 234.76
37 21 372.33
37 23 437.37
37 24 924.89
37 25 586.39
37 26 785.43
37 27 711.35
37 28 324.34
37 29 151.14
37 30 121.76
37 31 603.64
37 32 616.42
37 33 477.23
37 34 457.27
37 35 770.05
37 36 650.86
37 37 539.3
37 38 188.76
37 39 159.02
38 0 227.57
38 1 458.16
38 2 672.03
38 3 361.8
38 6 272.57
38 7 885.68
38 8 136.51
38 9 252.22
38 10 215.54
38 11 1.4
38 12 883.4
38 13 852.59
38 14 753.76
38 15 16.77
38 16 182.43
38 17 229.48
38 18 760.03
38 19 126.23
38 20 756.06
38 21 732.14
38 22 547.23
38 23 772.63
38 24 497.88
38 25 387.71
38 26 557.27
38 28 129.89
38 29 366.98
38 31 317.68
38 32 769.58
38 35 860.89
38 36 538.64
38 37 238.7
38 38 235.06
39 0 768.51
39 2 780.29
39 4 76.96
39 5 858.31
39 6 927.7
39 8 673.83
39 9 192.7
39 10 339.0
39 11 198.12
39 12 848.38
39 14 198.37
39 15 58.34
39 16 362.53
39 17 28.48
39 18 736.66
39 19 174.88
39 20 364.52
39 21 71.14
39 22 206.62
39 24 621.58
39 25 571.94
39 26 747.43
39 27 112.24
39 28 824.62
39 29 609.11
39 31 430.88
39 32 13.29
39 33 407.37
39 34 368.88
39 35 331.07
39 36 299.38
39 39 260.37
