0 0 640.37
0 1 267.31
0 5 104.75
0 6 331.6
0 7 7.39
0 9 617.82
0 10 572.14
0 11 478.03
0 12 278.27
0 13 590.02
0 14 430.0
1 0 38.71
1 2 166.34
1 3 136.83
1 4 567.13
1 6 675.24
1 8 38.63
1 10 123.63
1 11 859.78
1 12 251.87
1 13 212.22
1 14 675.22
2 0 486.94
2 3 210.6
2 4 861.75
2 5 969.55
2 7 737.51
2 8 363.03
2 9 692.11
2 10 392.38
2 11 270.16
2 12 241.17
2 13 998.98
3 0 837.12
3 1 524.72
3 2 974.83
3 3 65.64
3 5 221.37
3 6 491.29
3 7 231.83
3 8 920.49
3 9 547.94
3 11 216.05
3 12 824.07
3 14 123.24
4 1 120.89
4 2 244.49
4 3 318.71
4 4 201.49
4 6 227.1
4 7 92.16
4 9 184.56
4 10 336.95
4 11 26.36
4 12 866.23
4 14 214.51
5 0 432.47
5 1 166.68
5 2 559.68
5 3 506.55
5 4 492.5
5 5 919.74
5 6 369.8
5 8 913.69
5 9 961.52
5 10 22.63
5 11 31.39
5 12 297.41
5 13 205.82
6 0 381.41
6 1 971.95
6 2 159.84
6 3 797.9
6 4 275.54
6 6 877.29
6 7 984.13
6 8 452.74
6 9 871.64
6 11 603.26
6 12 15.43
6 13 675.32
6 14 179.55
7 0 282.06
7 1 904.45
7 2 692.55
7 4 158.42
7 5 342.7
7 6 248.13
7 7 147.63
7 8 747.26
7 9 487.51
7 10 74.93
7 11 908.87
7 12 477.07
8 0 475.16
8 1 827.12
8 2 361.61
8 3 695.36
8 4 516.71
8 5 764.77
8 6 783.56
8 7 461.43
8 8 713.09
8 9 426.26
8 11 649.33
8 12 27.98
8 13 656.79
8 14 545.21
9 0 510.9
9 1 307.19
9 2 657.79
9 3 862.53
9 4 215.82
9 6 892.6
9 7 51.56
9 8 210.15
9 9 507.48
9 11 788.03
9 13 831.02
9 14 597.52
10 0 943.61
10 1 675.29
10 2 73.55
10 3 934.88
10 4 584.92
10 5 189.47
10 6 952.04
10 8 621.57
10 9 355.34
10 10 252.11
10 11 407.84
10 12 14.6
10 13 391.08
10 14 926.19
11 1 308.95
11 2 693.44
11 3 880.18
11 4 270.04
11 5 765.36
11 6 103.55
11 7 612.19
11 8 826.06
11 9 898.64
11 10 902.25
11 11 359.04
11 12 702.54
12 0 15.37
12 1 774.76
12 2 352.34
12 3 129.86
12 5 51.91
12 6 220.61
12 7 833.39
12 8 878.29
12 10 245.83
12 11 815.27
12 12 50.42
12 14 58.78
13 0 143.2
13 1 943.9
13 2 588.83
13 4 298.62
13 5 26.98
13 6 818.6
13 7 937.51
13 8 694.57
13 9 29.91
13 10 365.76
13 11 375.59
13 13 390.62
13 14 833.01
14 0 894.82
14 2 78.68
14 3 673.6
14 4 660.87
14 6 507.75
14 8 787.8
14 9 940.83
14 11 412.83
14 12 605.61
14 13 539.34
14 14 839.0
